{
  "generated_by": {
    "program": "augur",
    "version": "10.0.2"
  },
  "models": {
    "country": {
      "alphabet": [
        "Australia",
        "Bahrain",
        "Belgium",
        "Brazil",
        "Chad",
        "Chile",
        "China",
        "Germany",
        "Guam",
        "Italy",
        "Japan",
        "Russia",
        "South Korea",
        "Spain",
        "Turkey",
        "USA",
        "United Kingdom",
        "?"
      ],
      "equilibrium_probabilities": [
        0.027687864723379578,
        0.07208836698861541,
        0.07854065016825283,
        0.067676927668256,
        0.07010658053923922,
        0.06255870631959917,
        0.06284502800781418,
        0.047333724268352445,
        0.05922964327982671,
        0.049376116816700295,
        0.04634195281472203,
        0.07327830537106796,
        0.04916517348560253,
        0.0659356536705406,
        0.07405513279437533,
        0.037151385421961516,
        0.05662878766169427
      ],
      "rate": 161.47860740222637,
      "transition_matrix": [
        [
          0.0,
          0.963069315987329,
          0.834525312027567,
          1.225337999877871,
          1.0461993189806187,
          1.796778889844643,
          1.968202025245152,
          5.708359226200607,
          1.865385316817542,
          4.253480333163491,
          4.003693193411072,
          1.1510001040253413,
          4.459031627804717,
          2.0540699943796126,
          0.8879051332048953,
          14.235292000600131,
          3.427907902047651
        ],
        [
          0.963069315987329,
          0.0,
          0.8233883389686717,
          0.8234631098141603,
          0.8244439198864274,
          0.8241853422943898,
          0.8244942540721935,
          1.158466131559147,
          0.8238653258988525,
          0.8270361805229113,
          0.8272956256428595,
          0.824648404622967,
          0.8259781904475016,
          0.8244067195321985,
          0.8234826630904681,
          0.8333580079825756,
          0.8281264738564855
        ],
        [
          0.834525312027567,
          0.8233883389686717,
          0.0,
          0.8229776863191584,
          0.8240327811269348,
          0.8234431720382845,
          0.8238063048288848,
          0.8715821804650914,
          0.8231348656105221,
          1.2506966487728703,
          0.8329024606639738,
          0.8235179488894416,
          0.82427633474007,
          0.8236126572759437,
          0.8228900017328943,
          0.8293202590482529,
          1.1773607141718636
        ],
        [
          1.225337999877871,
          0.8234631098141603,
          0.8229776863191584,
          0.0,
          0.8241122825530582,
          0.8239247043657715,
          0.823975944648475,
          0.8259019481520099,
          0.8232470671572801,
          0.8242539968971653,
          0.8243818459024845,
          0.8234339243620342,
          0.8243874165993391,
          0.8234218118942175,
          0.8228961317309113,
          0.8318267209228501,
          0.8387735834112613
        ],
        [
          1.0461993189806187,
          0.8244439198864274,
          0.8240327811269348,
          0.8241122825530582,
          0.0,
          0.8251684316667732,
          0.8268048932447187,
          0.8338113619488065,
          0.8261498202129682,
          0.8507656734489705,
          0.8309877902152154,
          0.8248497948609765,
          0.8327595178355849,
          0.8256221711382865,
          0.8237942864365329,
          0.9512495883294817,
          0.8301949466440939
        ],
        [
          1.796778889844643,
          0.8241853422943898,
          0.8234431720382845,
          0.8239247043657715,
          0.8251684316667732,
          0.0,
          0.8253091294232864,
          0.83700319964969,
          0.8245945448387872,
          0.8279878574232187,
          0.827496380568498,
          0.8244519236054642,
          0.8270365978231274,
          0.8290982881659041,
          0.8232182247873804,
          0.9908299651356554,
          1.036959118064707
        ],
        [
          1.968202025245152,
          0.8244942540721935,
          0.8238063048288848,
          0.823975944648475,
          0.8268048932447187,
          0.8253091294232864,
          0.0,
          0.8346534978074027,
          0.8262656278151131,
          0.8703260994044222,
          1.2728483738558676,
          0.8249497890626756,
          1.0627500061323578,
          0.8251306154538632,
          0.8236374113908289,
          1.1695664420327698,
          0.8311173000925006
        ],
        [
          5.708359226200607,
          1.158466131559147,
          0.8715821804650914,
          0.8259019481520099,
          0.8338113619488065,
          0.83700319964969,
          0.8346534978074027,
          0.0,
          0.937206276074975,
          2.739644630840608,
          2.7652361033087267,
          1.6431095461456784,
          1.1913691296020181,
          1.0504593793896024,
          1.1615719315562218,
          2.326384693305282,
          2.5889217253374546
        ],
        [
          1.865385316817542,
          0.8238653258988525,
          0.8231348656105221,
          0.8232470671572801,
          0.8261498202129682,
          0.8245945448387872,
          0.8262656278151131,
          0.937206276074975,
          0.0,
          0.8286716418004009,
          1.1398161099819704,
          0.8831147842201308,
          0.8421264228645239,
          0.8239735367551085,
          0.8230830963219793,
          2.399667594451452,
          0.8283398916156576
        ],
        [
          4.253480333163491,
          0.8270361805229113,
          1.2506966487728703,
          0.8242539968971653,
          0.8507656734489705,
          0.8279878574232187,
          0.8703260994044222,
          2.739644630840608,
          0.8286716418004009,
          0.0,
          3.2848282302556866,
          0.8359174085537806,
          0.8780097848002104,
          1.5167574831118937,
          0.8238841050049727,
          2.4016093004917023,
          1.9319694529668596
        ],
        [
          4.003693193411072,
          0.8272956256428595,
          0.8329024606639738,
          0.8243818459024845,
          0.8309877902152154,
          0.827496380568498,
          1.2728483738558676,
          2.7652361033087267,
          1.1398161099819704,
          3.2848282302556866,
          0.0,
          0.8440740468317312,
          1.5435888182734807,
          0.8345081845750717,
          0.8241513472671274,
          2.461281563200587,
          1.5329399248495823
        ],
        [
          1.1510001040253413,
          0.824648404622967,
          0.8235179488894416,
          0.8234339243620342,
          0.8248497948609765,
          0.8244519236054642,
          0.8249497890626756,
          1.6431095461456784,
          0.8831147842201308,
          0.8359174085537806,
          0.8440740468317312,
          0.0,
          0.8284243616650514,
          1.2463603133951768,
          0.8240986591111581,
          1.161000409071519,
          1.0702962407127463
        ],
        [
          4.459031627804717,
          0.8259781904475016,
          0.82427633474007,
          0.8243874165993391,
          0.8327595178355849,
          0.8270365978231274,
          1.0627500061323578,
          1.1913691296020181,
          0.8421264228645239,
          0.8780097848002104,
          1.5435888182734807,
          0.8284243616650514,
          0.0,
          0.8263730234426097,
          0.824040940614468,
          1.7258639852823976,
          1.0829634749946349
        ],
        [
          2.0540699943796126,
          0.8244067195321985,
          0.8236126572759437,
          0.8234218118942175,
          0.8256221711382865,
          0.8290982881659041,
          0.8251306154538632,
          1.0504593793896024,
          0.8239735367551085,
          1.5167574831118937,
          0.8345081845750717,
          1.2463603133951768,
          0.8263730234426097,
          0.0,
          0.8234049844267971,
          0.8547977365214264,
          0.8380864108799061
        ],
        [
          0.8879051332048953,
          0.8234826630904681,
          0.8228900017328943,
          0.8228961317309113,
          0.8237942864365329,
          0.8232182247873804,
          0.8236374113908289,
          1.1615719315562218,
          0.8230830963219793,
          0.8238841050049727,
          0.8241513472671274,
          0.8240986591111581,
          0.824040940614468,
          0.8234049844267971,
          0.0,
          0.8265504009918618,
          0.8348702009606029
        ],
        [
          14.235292000600131,
          0.8333580079825756,
          0.8293202590482529,
          0.8318267209228501,
          0.9512495883294817,
          0.9908299651356554,
          1.1695664420327698,
          2.326384693305282,
          2.399667594451452,
          2.4016093004917023,
          2.461281563200587,
          1.161000409071519,
          1.7258639852823976,
          0.8547977365214264,
          0.8265504009918618,
          0.0,
          1.9453581384205159
        ],
        [
          3.427907902047651,
          0.8281264738564855,
          1.1773607141718636,
          0.8387735834112613,
          0.8301949466440939,
          1.036959118064707,
          0.8311173000925006,
          2.5889217253374546,
          0.8283398916156576,
          1.9319694529668596,
          1.5329399248495823,
          1.0702962407127463,
          1.0829634749946349,
          0.8380864108799061,
          0.8348702009606029,
          1.9453581384205159,
          0.0
        ]
      ]
    },
    "region": {
      "alphabet": [
        "N",
        "S",
        "T",
        "?"
      ],
      "equilibrium_probabilities": [
        0.4443530332250924,
        0.2436579464610781,
        0.3119890203138295
      ],
      "rate": 115.87275915502642,
      "transition_matrix": [
        [
          0.0,
          3.7013695566834657,
          0.6196067144747478
        ],
        [
          3.7013695566834657,
          0.0,
          0.17566842522215353
        ],
        [
          0.6196067144747478,
          0.17566842522215353,
          0.0
        ]
      ]
    }
  },
  "nodes": {
    "A/Alaska/32/2019": {
      "country": "USA",
      "country_confidence": {
        "USA": 0.9999999999999999
      },
      "country_entropy": -9.99866855976916e-13,
      "region": "N",
      "region_confidence": {
        "N": 1.0
      },
      "region_entropy": -1.000088900581841e-12
    },
    "A/Alaska/36/2019": {
      "country": "USA",
      "country_confidence": {
        "USA": 0.9999999999999999
      },
      "country_entropy": -9.99866855976916e-13,
      "region": "N",
      "region_confidence": {
        "N": 1.0
      },
      "region_entropy": -1.000088900581841e-12
    },
    "A/Alaska/38/2019": {
      "country": "USA",
      "country_confidence": {
        "USA": 1.0
      },
      "country_entropy": -1.000088900581841e-12,
      "region": "N",
      "region_confidence": {
        "N": 1.0
      },
      "region_entropy": -1.000088900581841e-12
    },
    "A/Alaska/46/2018": {
      "country": "USA",
      "country_confidence": {
        "USA": 1.0
      },
      "country_entropy": -1.000088900581841e-12,
      "region": "N",
      "region_confidence": {
        "N": 1.0
      },
      "region_entropy": -1.000088900581841e-12
    },
    "A/Arizona/29/2019": {
      "country": "USA",
      "country_confidence": {
        "USA": 1.0
      },
      "country_entropy": -1.000088900581841e-12,
      "region": "N",
      "region_confidence": {
        "N": 1.0
      },
      "region_entropy": -1.000088900581841e-12
    },
    "A/Arizona/37/2018": {
      "country": "USA",
      "country_confidence": {
        "USA": 1.0
      },
      "country_entropy": -1.000088900581841e-12,
      "region": "N",
      "region_confidence": {
        "N": 0.9999999999999999
      },
      "region_entropy": -9.99866855976916e-13
    },
    "A/Bahrain/NHRC-OID_ESX0121A/2018": {
      "country": "Bahrain",
      "country_confidence": {
        "Bahrain": 1.0
      },
      "country_entropy": -1.000088900581841e-12,
      "region": "N",
      "region_confidence": {
        "N": 1.0
      },
      "region_entropy": -1.000088900581841e-12
    },
    "A/Belgium/8876/2019": {
      "country": "Belgium",
      "country_confidence": {
        "Belgium": 1.0
      },
      "country_entropy": -1.000088900581841e-12,
      "region": "N",
      "region_confidence": {
        "N": 1.0
      },
      "region_entropy": -1.000088900581841e-12
    },
    "A/Belgium/9021/2019": {
      "country": "Belgium",
      "country_confidence": {
        "Belgium": 1.0
      },
      "country_entropy": -1.000088900581841e-12,
      "region": "N",
      "region_confidence": {
        "N": 1.0
      },
      "region_entropy": -1.000088900581841e-12
    },
    "A/Brisbane/10/2018": {
      "country": "Australia",
      "country_confidence": {
        "Australia": 1.0
      },
      "country_entropy": -1.000088900581841e-12,
      "region": "S",
      "region_confidence": {
        "S": 1.0
      },
      "region_entropy": -1.000088900581841e-12
    },
    "A/Brisbane/1000/2018": {
      "country": "Australia",
      "country_confidence": {
        "Australia": 1.0
      },
      "country_entropy": -1.000088900581841e-12,
      "region": "S",
      "region_confidence": {
        "S": 1.0
      },
      "region_entropy": -1.000088900581841e-12
    },
    "A/Brisbane/104/2018": {
      "country": "Australia",
      "country_confidence": {
        "Australia": 0.9999999999999999
      },
      "country_entropy": -9.99866855976916e-13,
      "region": "S",
      "region_confidence": {
        "S": 1.0
      },
      "region_entropy": -1.000088900581841e-12
    },
    "A/Brisbane/115/2018": {
      "country": "Australia",
      "country_confidence": {
        "Australia": 1.0
      },
      "country_entropy": -1.000088900581841e-12,
      "region": "S",
      "region_confidence": {
        "S": 1.0
      },
      "region_entropy": -1.000088900581841e-12
    },
    "A/Brisbane/13/2018": {
      "country": "Australia",
      "country_confidence": {
        "Australia": 1.0
      },
      "country_entropy": -1.000088900581841e-12,
      "region": "S",
      "region_confidence": {
        "S": 1.0
      },
      "region_entropy": -1.000088900581841e-12
    },
    "A/Brisbane/17/2018": {
      "country": "Australia",
      "country_confidence": {
        "Australia": 1.0
      },
      "country_entropy": -1.000088900581841e-12,
      "region": "S",
      "region_confidence": {
        "S": 1.0
      },
      "region_entropy": -1.000088900581841e-12
    },
    "A/Brisbane/23/2018": {
      "country": "Australia",
      "country_confidence": {
        "Australia": 1.0
      },
      "country_entropy": -1.000088900581841e-12,
      "region": "S",
      "region_confidence": {
        "S": 1.0
      },
      "region_entropy": -1.000088900581841e-12
    },
    "A/Brisbane/32/2018": {
      "country": "Australia",
      "country_confidence": {
        "Australia": 1.0
      },
      "country_entropy": -1.000088900581841e-12,
      "region": "S",
      "region_confidence": {
        "S": 0.9999999999999999
      },
      "region_entropy": -9.99866855976916e-13
    },
    "A/Brisbane/36/2018": {
      "country": "Australia",
      "country_confidence": {
        "Australia": 1.0
      },
      "country_entropy": -1.000088900581841e-12,
      "region": "S",
      "region_confidence": {
        "S": 1.0
      },
      "region_entropy": -1.000088900581841e-12
    },
    "A/Brisbane/40/2018": {
      "country": "Australia",
      "country_confidence": {
        "Australia": 1.0
      },
      "country_entropy": -1.000088900581841e-12,
      "region": "S",
      "region_confidence": {
        "S": 1.0
      },
      "region_entropy": -1.000088900581841e-12
    },
    "A/Brisbane/45/2018": {
      "country": "Australia",
      "country_confidence": {
        "Australia": 1.0
      },
      "country_entropy": -1.000088900581841e-12,
      "region": "S",
      "region_confidence": {
        "S": 0.9999999999999999
      },
      "region_entropy": -9.99866855976916e-13
    },
    "A/Brisbane/55/2018": {
      "country": "Australia",
      "country_confidence": {
        "Australia": 1.0
      },
      "country_entropy": -1.000088900581841e-12,
      "region": "S",
      "region_confidence": {
        "S": 0.9999999999999999
      },
      "region_entropy": -9.99866855976916e-13
    },
    "A/Brisbane/57/2018": {
      "country": "Australia",
      "country_confidence": {
        "Australia": 1.0
      },
      "country_entropy": -1.000088900581841e-12,
      "region": "S",
      "region_confidence": {
        "S": 1.0
      },
      "region_entropy": -1.000088900581841e-12
    },
    "A/Brisbane/64/2018": {
      "country": "Australia",
      "country_confidence": {
        "Australia": 1.0
      },
      "country_entropy": -1.000088900581841e-12,
      "region": "S",
      "region_confidence": {
        "S": 0.9999999999999999
      },
      "region_entropy": -9.99866855976916e-13
    },
    "A/Brisbane/67/2018": {
      "country": "Australia",
      "country_confidence": {
        "Australia": 1.0
      },
      "country_entropy": -1.000088900581841e-12,
      "region": "S",
      "region_confidence": {
        "S": 1.0
      },
      "region_entropy": -1.000088900581841e-12
    },
    "A/Brisbane/73/2018": {
      "country": "Australia",
      "country_confidence": {
        "Australia": 0.9999999999999999
      },
      "country_entropy": -9.99866855976916e-13,
      "region": "S",
      "region_confidence": {
        "S": 0.9999999999999999
      },
      "region_entropy": -9.99866855976916e-13
    },
    "A/Brisbane/85/2018": {
      "country": "Australia",
      "country_confidence": {
        "Australia": 1.0
      },
      "country_entropy": -1.000088900581841e-12,
      "region": "S",
      "region_confidence": {
        "S": 1.0
      },
      "region_entropy": -1.000088900581841e-12
    },
    "A/Brisbane/89/2018": {
      "country": "Australia",
      "country_confidence": {
        "Australia": 1.0
      },
      "country_entropy": -1.000088900581841e-12,
      "region": "S",
      "region_confidence": {
        "S": 1.0
      },
      "region_entropy": -1.000088900581841e-12
    },
    "A/Busan/1343/2018": {
      "country": "South Korea",
      "country_confidence": {
        "South Korea": 1.0
      },
      "country_entropy": -1.000088900581841e-12,
      "region": "N",
      "region_confidence": {
        "N": 1.0
      },
      "region_entropy": -1.000088900581841e-12
    },
    "A/California/141/2019": {
      "country": "USA",
      "country_confidence": {
        "USA": 1.0
      },
      "country_entropy": -1.000088900581841e-12,
      "region": "N",
      "region_confidence": {
        "N": 0.9999999999999999
      },
      "region_entropy": -9.99866855976916e-13
    },
    "A/California/142/2019": {
      "country": "USA",
      "country_confidence": {
        "USA": 1.0
      },
      "country_entropy": -1.000088900581841e-12,
      "region": "N",
      "region_confidence": {
        "N": 1.0
      },
      "region_entropy": -1.000088900581841e-12
    },
    "A/California/191/2019": {
      "country": "USA",
      "country_confidence": {
        "USA": 1.0
      },
      "country_entropy": -1.000088900581841e-12,
      "region": "N",
      "region_confidence": {
        "N": 1.0
      },
      "region_entropy": -1.000088900581841e-12
    },
    "A/California/FDX22060/2018": {
      "country": "USA",
      "country_confidence": {
        "USA": 0.9999999999999999
      },
      "country_entropy": -9.99866855976916e-13,
      "region": "N",
      "region_confidence": {
        "N": 1.0
      },
      "region_entropy": -1.000088900581841e-12
    },
    "A/Canberra/9/2018": {
      "country": "Australia",
      "country_confidence": {
        "Australia": 1.0
      },
      "country_entropy": -1.000088900581841e-12,
      "region": "S",
      "region_confidence": {
        "S": 1.0
      },
      "region_entropy": -1.000088900581841e-12
    },
    "A/Chad/9833/2019": {
      "country": "Chad",
      "country_confidence": {
        "Chad": 1.0
      },
      "country_entropy": -1.000088900581841e-12,
      "region": "T",
      "region_confidence": {
        "T": 1.0
      },
      "region_entropy": -1.000088900581841e-12
    },
    "A/Colorado/36/2019": {
      "country": "USA",
      "country_confidence": {
        "USA": 1.0
      },
      "country_entropy": -1.000088900581841e-12,
      "region": "N",
      "region_confidence": {
        "N": 1.0
      },
      "region_entropy": -1.000088900581841e-12
    },
    "A/Colorado/44/2019": {
      "country": "USA",
      "country_confidence": {
        "USA": 1.0
      },
      "country_entropy": -1.000088900581841e-12,
      "region": "N",
      "region_confidence": {
        "N": 1.0
      },
      "region_entropy": -1.000088900581841e-12
    },
    "A/Connecticut/32/2018": {
      "country": "USA",
      "country_confidence": {
        "USA": 0.9999999999999999
      },
      "country_entropy": -9.99866855976916e-13,
      "region": "N",
      "region_confidence": {
        "N": 1.0
      },
      "region_entropy": -1.000088900581841e-12
    },
    "A/Delaware/38/2019": {
      "country": "USA",
      "country_confidence": {
        "USA": 1.0
      },
      "country_entropy": -1.000088900581841e-12,
      "region": "N",
      "region_confidence": {
        "N": 1.0
      },
      "region_entropy": -1.000088900581841e-12
    },
    "A/England/7014/2018": {
      "country": "United Kingdom",
      "country_confidence": {
        "United Kingdom": 1.0
      },
      "country_entropy": -1.000088900581841e-12,
      "region": "N",
      "region_confidence": {
        "N": 1.0
      },
      "region_entropy": -1.000088900581841e-12
    },
    "A/England/7126/2018": {
      "country": "United Kingdom",
      "country_confidence": {
        "United Kingdom": 1.0
      },
      "country_entropy": -1.000088900581841e-12,
      "region": "N",
      "region_confidence": {
        "N": 1.0
      },
      "region_entropy": -1.000088900581841e-12
    },
    "A/England/7127/2018": {
      "country": "United Kingdom",
      "country_confidence": {
        "United Kingdom": 1.0
      },
      "country_entropy": -1.000088900581841e-12,
      "region": "N",
      "region_confidence": {
        "N": 1.0
      },
      "region_entropy": -1.000088900581841e-12
    },
    "A/England/7211/2018": {
      "country": "United Kingdom",
      "country_confidence": {
        "United Kingdom": 1.0
      },
      "country_entropy": -1.000088900581841e-12,
      "region": "N",
      "region_confidence": {
        "N": 0.9999999999999999
      },
      "region_entropy": -9.99866855976916e-13
    },
    "A/England/7335/2018": {
      "country": "United Kingdom",
      "country_confidence": {
        "United Kingdom": 1.0
      },
      "country_entropy": -1.000088900581841e-12,
      "region": "N",
      "region_confidence": {
        "N": 1.0
      },
      "region_entropy": -1.000088900581841e-12
    },
    "A/England/7400/2018": {
      "country": "United Kingdom",
      "country_confidence": {
        "United Kingdom": 1.0
      },
      "country_entropy": -1.000088900581841e-12,
      "region": "N",
      "region_confidence": {
        "N": 1.0
      },
      "region_entropy": -1.000088900581841e-12
    },
    "A/England/7821/2019": {
      "country": "United Kingdom",
      "country_confidence": {
        "United Kingdom": 1.0
      },
      "country_entropy": -1.000088900581841e-12,
      "region": "N",
      "region_confidence": {
        "N": 1.0
      },
      "region_entropy": -1.000088900581841e-12
    },
    "A/England/7963/2019": {
      "country": "United Kingdom",
      "country_confidence": {
        "United Kingdom": 1.0
      },
      "country_entropy": -1.000088900581841e-12,
      "region": "N",
      "region_confidence": {
        "N": 1.0
      },
      "region_entropy": -1.000088900581841e-12
    },
    "A/England/8122/2019": {
      "country": "United Kingdom",
      "country_confidence": {
        "United Kingdom": 1.0
      },
      "country_entropy": -1.000088900581841e-12,
      "region": "N",
      "region_confidence": {
        "N": 1.0
      },
      "region_entropy": -1.000088900581841e-12
    },
    "A/England/8581/2019": {
      "country": "United Kingdom",
      "country_confidence": {
        "United Kingdom": 1.0
      },
      "country_entropy": -1.000088900581841e-12,
      "region": "N",
      "region_confidence": {
        "N": 1.0
      },
      "region_entropy": -1.000088900581841e-12
    },
    "A/England/8741/2019": {
      "country": "United Kingdom",
      "country_confidence": {
        "United Kingdom": 1.0
      },
      "country_entropy": -1.000088900581841e-12,
      "region": "N",
      "region_confidence": {
        "N": 0.9999999999999999
      },
      "region_entropy": -9.99866855976916e-13
    },
    "A/England/8742/2019": {
      "country": "United Kingdom",
      "country_confidence": {
        "United Kingdom": 1.0
      },
      "country_entropy": -1.000088900581841e-12,
      "region": "N",
      "region_confidence": {
        "N": 1.0
      },
      "region_entropy": -1.000088900581841e-12
    },
    "A/England/8887/2019": {
      "country": "United Kingdom",
      "country_confidence": {
        "United Kingdom": 1.0
      },
      "country_entropy": -1.000088900581841e-12,
      "region": "N",
      "region_confidence": {
        "N": 1.0
      },
      "region_entropy": -1.000088900581841e-12
    },
    "A/England/8892/2019": {
      "country": "United Kingdom",
      "country_confidence": {
        "United Kingdom": 1.0
      },
      "country_entropy": -1.000088900581841e-12,
      "region": "N",
      "region_confidence": {
        "N": 1.0
      },
      "region_entropy": -1.000088900581841e-12
    },
    "A/England/9336/2019": {
      "country": "United Kingdom",
      "country_confidence": {
        "United Kingdom": 1.0
      },
      "country_entropy": -1.000088900581841e-12,
      "region": "N",
      "region_confidence": {
        "N": 0.9999999999999999
      },
      "region_entropy": -9.99866855976916e-13
    },
    "A/England/9619/2019": {
      "country": "United Kingdom",
      "country_confidence": {
        "United Kingdom": 1.0
      },
      "country_entropy": -1.000088900581841e-12,
      "region": "N",
      "region_confidence": {
        "N": 0.9999999999999999
      },
      "region_entropy": -9.99866855976916e-13
    },
    "A/Florida/101/2018": {
      "country": "USA",
      "country_confidence": {
        "USA": 1.0
      },
      "country_entropy": -1.000088900581841e-12,
      "region": "N",
      "region_confidence": {
        "N": 1.0
      },
      "region_entropy": -1.000088900581841e-12
    },
    "A/Florida/121/2019": {
      "country": "USA",
      "country_confidence": {
        "USA": 1.0
      },
      "country_entropy": -1.000088900581841e-12,
      "region": "N",
      "region_confidence": {
        "N": 1.0
      },
      "region_entropy": -1.000088900581841e-12
    },
    "A/Florida/55/2018": {
      "country": "USA",
      "country_confidence": {
        "USA": 1.0
      },
      "country_entropy": -1.000088900581841e-12,
      "region": "N",
      "region_confidence": {
        "N": 1.0
      },
      "region_entropy": -1.000088900581841e-12
    },
    "A/Florida/85/2019": {
      "country": "USA",
      "country_confidence": {
        "USA": 1.0
      },
      "country_entropy": -1.000088900581841e-12,
      "region": "N",
      "region_confidence": {
        "N": 1.0
      },
      "region_entropy": -1.000088900581841e-12
    },
    "A/Florida/96/2018": {
      "country": "USA",
      "country_confidence": {
        "USA": 1.0
      },
      "country_entropy": -1.000088900581841e-12,
      "region": "N",
      "region_confidence": {
        "N": 1.0
      },
      "region_entropy": -1.000088900581841e-12
    },
    "A/Germany/6943/2018": {
      "country": "Germany",
      "country_confidence": {
        "Germany": 1.0
      },
      "country_entropy": -1.000088900581841e-12,
      "region": "N",
      "region_confidence": {
        "N": 1.0
      },
      "region_entropy": -1.000088900581841e-12
    },
    "A/Germany/7025/2018": {
      "country": "Germany",
      "country_confidence": {
        "Germany": 1.0
      },
      "country_entropy": -1.000088900581841e-12,
      "region": "N",
      "region_confidence": {
        "N": 1.0
      },
      "region_entropy": -1.000088900581841e-12
    },
    "A/Germany/7133/2018": {
      "country": "Germany",
      "country_confidence": {
        "Germany": 1.0
      },
      "country_entropy": -1.000088900581841e-12,
      "region": "N",
      "region_confidence": {
        "N": 1.0
      },
      "region_entropy": -1.000088900581841e-12
    },
    "A/Germany/7218/2018": {
      "country": "Germany",
      "country_confidence": {
        "Germany": 1.0
      },
      "country_entropy": -1.000088900581841e-12,
      "region": "N",
      "region_confidence": {
        "N": 1.0
      },
      "region_entropy": -1.000088900581841e-12
    },
    "A/Germany/7220/2018": {
      "country": "Germany",
      "country_confidence": {
        "Germany": 1.0
      },
      "country_entropy": -1.000088900581841e-12,
      "region": "N",
      "region_confidence": {
        "N": 1.0
      },
      "region_entropy": -1.000088900581841e-12
    },
    "A/Germany/7344/2018": {
      "country": "Germany",
      "country_confidence": {
        "Germany": 0.9999999999999999
      },
      "country_entropy": -9.99866855976916e-13,
      "region": "N",
      "region_confidence": {
        "N": 0.9999999999999999
      },
      "region_entropy": -9.99866855976916e-13
    },
    "A/Germany/7345/2018": {
      "country": "Germany",
      "country_confidence": {
        "Germany": 1.0
      },
      "country_entropy": -1.000088900581841e-12,
      "region": "N",
      "region_confidence": {
        "N": 1.0
      },
      "region_entropy": -1.000088900581841e-12
    },
    "A/Germany/7360/2018": {
      "country": "Germany",
      "country_confidence": {
        "Germany": 0.9999999999999999
      },
      "country_entropy": -9.99866855976916e-13,
      "region": "N",
      "region_confidence": {
        "N": 0.9999999999999999
      },
      "region_entropy": -9.99866855976916e-13
    },
    "A/Germany/7402/2018": {
      "country": "Germany",
      "country_confidence": {
        "Germany": 1.0
      },
      "country_entropy": -1.000088900581841e-12,
      "region": "N",
      "region_confidence": {
        "N": 1.0
      },
      "region_entropy": -1.000088900581841e-12
    },
    "A/Germany/7830/2018": {
      "country": "Germany",
      "country_confidence": {
        "Germany": 1.0
      },
      "country_entropy": -1.000088900581841e-12,
      "region": "N",
      "region_confidence": {
        "N": 0.9999999999999999
      },
      "region_entropy": -9.99866855976916e-13
    },
    "A/Germany/8752/2019": {
      "country": "Germany",
      "country_confidence": {
        "Germany": 1.0
      },
      "country_entropy": -1.000088900581841e-12,
      "region": "N",
      "region_confidence": {
        "N": 1.0
      },
      "region_entropy": -1.000088900581841e-12
    },
    "A/Germany/8914/2019": {
      "country": "Germany",
      "country_confidence": {
        "Germany": 1.0
      },
      "country_entropy": -1.000088900581841e-12,
      "region": "N",
      "region_confidence": {
        "N": 1.0
      },
      "region_entropy": -1.000088900581841e-12
    },
    "A/Germany/8917/2019": {
      "country": "Germany",
      "country_confidence": {
        "Germany": 1.0
      },
      "country_entropy": -1.000088900581841e-12,
      "region": "N",
      "region_confidence": {
        "N": 1.0
      },
      "region_entropy": -1.000088900581841e-12
    },
    "A/Germany/8918/2019": {
      "country": "Germany",
      "country_confidence": {
        "Germany": 1.0
      },
      "country_entropy": -1.000088900581841e-12,
      "region": "N",
      "region_confidence": {
        "N": 1.0
      },
      "region_entropy": -1.000088900581841e-12
    },
    "A/Germany/9056/2019": {
      "country": "Germany",
      "country_confidence": {
        "Germany": 1.0
      },
      "country_entropy": -1.000088900581841e-12,
      "region": "N",
      "region_confidence": {
        "N": 1.0
      },
      "region_entropy": -1.000088900581841e-12
    },
    "A/Germany/9343/2019": {
      "country": "Germany",
      "country_confidence": {
        "Germany": 1.0
      },
      "country_entropy": -1.000088900581841e-12,
      "region": "N",
      "region_confidence": {
        "N": 1.0
      },
      "region_entropy": -1.000088900581841e-12
    },
    "A/Germany/9344/2019": {
      "country": "Germany",
      "country_confidence": {
        "Germany": 1.0
      },
      "country_entropy": -1.000088900581841e-12,
      "region": "N",
      "region_confidence": {
        "N": 1.0
      },
      "region_entropy": -1.000088900581841e-12
    },
    "A/Germany/9356/2019": {
      "country": "Germany",
      "country_confidence": {
        "Germany": 1.0
      },
      "country_entropy": -1.000088900581841e-12,
      "region": "N",
      "region_confidence": {
        "N": 1.0
      },
      "region_entropy": -1.000088900581841e-12
    },
    "A/Germany/9360/2019": {
      "country": "Germany",
      "country_confidence": {
        "Germany": 1.0
      },
      "country_entropy": -1.000088900581841e-12,
      "region": "N",
      "region_confidence": {
        "N": 0.9999999999999999
      },
      "region_entropy": -9.99866855976916e-13
    },
    "A/Germany/9482/2019": {
      "country": "Germany",
      "country_confidence": {
        "Germany": 1.0
      },
      "country_entropy": -1.000088900581841e-12,
      "region": "N",
      "region_confidence": {
        "N": 1.0
      },
      "region_entropy": -1.000088900581841e-12
    },
    "A/Germany/9490/2019": {
      "country": "Germany",
      "country_confidence": {
        "Germany": 1.0
      },
      "country_entropy": -1.000088900581841e-12,
      "region": "N",
      "region_confidence": {
        "N": 1.0
      },
      "region_entropy": -1.000088900581841e-12
    },
    "A/Germany/9496/2019": {
      "country": "Germany",
      "country_confidence": {
        "Germany": 1.0
      },
      "country_entropy": -1.000088900581841e-12,
      "region": "N",
      "region_confidence": {
        "N": 1.0
      },
      "region_entropy": -1.000088900581841e-12
    },
    "A/Germany/9668/2019": {
      "country": "Germany",
      "country_confidence": {
        "Germany": 1.0
      },
      "country_entropy": -1.000088900581841e-12,
      "region": "N",
      "region_confidence": {
        "N": 1.0
      },
      "region_entropy": -1.000088900581841e-12
    },
    "A/Germany/9669/2019": {
      "country": "Germany",
      "country_confidence": {
        "Germany": 1.0
      },
      "country_entropy": -1.000088900581841e-12,
      "region": "N",
      "region_confidence": {
        "N": 0.9999999999999999
      },
      "region_entropy": -9.99866855976916e-13
    },
    "A/Germany/9676/2019": {
      "country": "Germany",
      "country_confidence": {
        "Germany": 1.0
      },
      "country_entropy": -1.000088900581841e-12,
      "region": "N",
      "region_confidence": {
        "N": 0.9999999999999999
      },
      "region_entropy": -9.99866855976916e-13
    },
    "A/Grozny/88/2019": {
      "country": "Russia",
      "country_confidence": {
        "Russia": 1.0
      },
      "country_entropy": -1.000088900581841e-12,
      "region": "N",
      "region_confidence": {
        "N": 1.0
      },
      "region_entropy": -1.000088900581841e-12
    },
    "A/Grozny/89/2019": {
      "country": "Russia",
      "country_confidence": {
        "Russia": 1.0
      },
      "country_entropy": -1.000088900581841e-12,
      "region": "N",
      "region_confidence": {
        "N": 1.0
      },
      "region_entropy": -1.000088900581841e-12
    },
    "A/Guam/7145/2018": {
      "country": "Guam",
      "country_confidence": {
        "Guam": 1.0
      },
      "country_entropy": -1.000088900581841e-12,
      "region": "T",
      "region_confidence": {
        "T": 1.0
      },
      "region_entropy": -1.000088900581841e-12
    },
    "A/Guam/7222/2018": {
      "country": "Guam",
      "country_confidence": {
        "Guam": 1.0
      },
      "country_entropy": -1.000088900581841e-12,
      "region": "T",
      "region_confidence": {
        "T": 1.0
      },
      "region_entropy": -1.000088900581841e-12
    },
    "A/Guam/7362/2018": {
      "country": "Guam",
      "country_confidence": {
        "Guam": 1.0
      },
      "country_entropy": -1.000088900581841e-12,
      "region": "T",
      "region_confidence": {
        "T": 1.0
      },
      "region_entropy": -1.000088900581841e-12
    },
    "A/Guam/7502/2018": {
      "country": "Guam",
      "country_confidence": {
        "Guam": 1.0
      },
      "country_entropy": -1.000088900581841e-12,
      "region": "T",
      "region_confidence": {
        "T": 0.9999999999999999
      },
      "region_entropy": -9.99866855976916e-13
    },
    "A/Guam/7699/2018": {
      "country": "Guam",
      "country_confidence": {
        "Guam": 1.0
      },
      "country_entropy": -1.000088900581841e-12,
      "region": "T",
      "region_confidence": {
        "T": 1.0
      },
      "region_entropy": -1.000088900581841e-12
    },
    "A/Guam/7833/2019": {
      "country": "Guam",
      "country_confidence": {
        "Guam": 1.0
      },
      "country_entropy": -1.000088900581841e-12,
      "region": "T",
      "region_confidence": {
        "T": 1.0
      },
      "region_entropy": -1.000088900581841e-12
    },
    "A/Guam/7834/2019": {
      "country": "Guam",
      "country_confidence": {
        "Guam": 1.0
      },
      "country_entropy": -1.000088900581841e-12,
      "region": "T",
      "region_confidence": {
        "T": 1.0
      },
      "region_entropy": -1.000088900581841e-12
    },
    "A/Guam/8597/2019": {
      "country": "Guam",
      "country_confidence": {
        "Guam": 1.0
      },
      "country_entropy": -1.000088900581841e-12,
      "region": "T",
      "region_confidence": {
        "T": 0.9999999999999999
      },
      "region_entropy": -9.99866855976916e-13
    },
    "A/Guam/9841/2019": {
      "country": "Guam",
      "country_confidence": {
        "Guam": 1.0
      },
      "country_entropy": -1.000088900581841e-12,
      "region": "T",
      "region_confidence": {
        "T": 1.0
      },
      "region_entropy": -1.000088900581841e-12
    },
    "A/Hawaii/43/2018": {
      "country": "USA",
      "country_confidence": {
        "USA": 0.9999999999999999
      },
      "country_entropy": -9.99866855976916e-13,
      "region": "N",
      "region_confidence": {
        "N": 1.0
      },
      "region_entropy": -1.000088900581841e-12
    },
    "A/Hawaii/44/2018": {
      "country": "USA",
      "country_confidence": {
        "USA": 1.0
      },
      "country_entropy": -1.000088900581841e-12,
      "region": "N",
      "region_confidence": {
        "N": 1.0
      },
      "region_entropy": -1.000088900581841e-12
    },
    "A/Hawaii/45/2018": {
      "country": "USA",
      "country_confidence": {
        "USA": 1.0
      },
      "country_entropy": -1.000088900581841e-12,
      "region": "N",
      "region_confidence": {
        "N": 1.0
      },
      "region_entropy": -1.000088900581841e-12
    },
