Map from character to field name
A:	africa
B:	china
C:	japan_korea
D:	north_america
E:	oceania
F:	south_america
G:	southeast_asia
H:	?


Substitution rate (mu): 20.826328

Equilibrium frequencies (pi_i):
  A: 0.1352
  B: 0.19
  C: 0.1294
  D: 0.1534
  E: 0.1454
  F: 0.0687
  G: 0.1779

Symmetrized rates from j->i (W_ij):
	A	B	C	D	E	F	G
  A	0	0.7355	0.7364	0.7096	0.7338	1.0775	0.7235
  B	0.7355	0	0.7358	0.6985	2.5623	1.4219	1.0763
  C	0.7364	0.7358	0	1.4217	0.7341	0.7192	0.7242
  D	0.7096	0.6985	1.4217	0	0.7051	9.1381	0.6884
  E	0.7338	2.5623	0.7341	0.7051	0	1.0738	1.0792
  F	1.0775	1.4219	0.7192	9.1381	1.0738	0	1.06
  G	0.7235	1.0763	0.7242	0.6884	1.0792	1.06	0

Actual rates from j->i (Q_ij):
	A	B	C	D	E	F	G
  A	0	0.0994	0.0995	0.0959	0.0992	0.1457	0.0978
  B	0.1398	0	0.1398	0.1327	0.4869	0.2702	0.2045
  C	0.0953	0.0952	0	0.184	0.095	0.0931	0.0937
  D	0.1089	0.1072	0.2181	0	0.1082	1.402	0.1056
  E	0.1067	0.3725	0.1067	0.1025	0	0.1561	0.1569
  F	0.074	0.0977	0.0494	0.6276	0.0738	0	0.0728
  G	0.1287	0.1915	0.1289	0.1225	0.192	0.1886	0
