Map from character to field name
A:	american_samoa
B:	angola
C:	australia
D:	brazil
E:	canada
F:	china
G:	colombia
H:	cuba
I:	dominican_republic
J:	ecuador
K:	el_salvador
L:	fiji
M:	french_guiana
N:	french_polynesia
O:	guadeloupe
P:	guatemala
Q:	haiti
R:	honduras
S:	jamaica
T:	japan
U:	martinique
V:	mexico
W:	nicaragua
X:	panama
Y:	peru
Z:	puerto_rico
[:	saint_barthelemy
\:	singapore
]:	suriname
^:	thailand
_:	usa
`:	usvi
a:	venezuela
b:	vietnam
c:	?


Substitution rate (mu): 84.842683

Equilibrium frequencies (pi_i):
  A: 0.0316
  B: 0.0287
  C: 0.0306
  D: 0.0285
  E: 0.0279
  F: 0.0338
  G: 0.0288
  H: 0.0307
  I: 0.0255
  J: 0.0301
  K: 0.03
  L: 0.0307
  M: 0.0309
  N: 0.0286
  O: 0.0309
  P: 0.0302
  Q: 0.0286
  R: 0.0248
  S: 0.0304
  T: 0.0302
  U: 0.0287
  V: 0.0312
  W: 0.0294
  X: 0.0302
  Y: 0.0301
  Z: 0.0238
  [: 0.0292
  \: 0.0341
  ]: 0.0272
  ^: 0.0276
  _: 0.031
  `: 0.0289
  a: 0.0271
  b: 0.0305

Symmetrized rates from j->i (W_ij):
	A	B	C	D	E	F	G	H	I	J	K	L	M	N	O	P	Q	R	S	T	U	V	W	X	Y	Z	[	\	]	^	_	`	a	b
  A	0	0.9416	1.1098	0.9387	0.9421	3.3718	0.9409	0.9416	0.9413	0.9417	0.9417	1.0968	0.9418	1.3052	0.9419	0.9418	0.9417	0.9409	0.9418	0.9417	0.9421	0.9402	0.9415	0.9416	0.9417	0.9413	0.9419	0.9384	0.9416	0.943	0.9411	0.9414	0.9417	0.9428
  B	0.9416	0	0.9419	1.4112	0.942	0.9413	0.9409	0.9414	0.9412	0.9415	0.9415	0.9419	0.9416	0.9421	0.9417	0.9416	0.9415	0.9408	0.9416	0.9415	0.942	0.9401	0.9413	0.9414	0.9415	0.9412	0.9417	0.9385	0.9415	0.9419	0.941	0.9413	0.9414	0.942
  C	1.1098	0.9419	0	0.939	0.9423	0.9426	0.9412	0.9419	0.9415	0.9419	0.942	1.2715	0.9421	1.1364	0.9422	0.9421	0.9419	0.9412	0.9421	0.942	0.9423	0.9405	0.9417	0.9419	0.9419	0.9415	0.9421	0.9388	0.9419	0.9428	0.9414	0.9417	0.9418	0.9428
  D	0.9387	1.4112	0.939	0	1.7643	0.9411	1.6395	0.9387	2.3358	0.9386	0.9385	0.939	0.9471	1.4106	0.9412	0.9387	1.8848	1.418	0.9393	0.9387	1.1185	0.9437	0.952	0.9386	0.9386	2.6218	1.17	1.4027	1.8738	0.9395	1.2072	2.8036	1.8709	0.9391
  E	0.9421	0.942	0.9423	1.7643	0	0.9418	1.0751	0.9422	1.2186	0.942	0.9419	0.9423	0.9423	0.9426	0.9427	0.9422	0.9423	1.0013	0.9451	0.9421	1.0582	1.3511	0.9418	0.942	0.942	0.942	0.9424	0.9392	0.9427	0.9423	0.9421	1.2335	0.9423	0.9424
  F	3.3718	0.9413	0.9426	0.9411	0.9418	0	0.9405	0.9413	0.9482	0.9413	0.9414	0.9426	0.9415	0.9429	0.9416	0.9415	0.9414	0.9406	0.9415	0.9414	0.9418	0.9397	0.9411	0.9413	0.9413	0.941	0.9415	0.9378	0.9413	0.9419	0.9407	0.9432	1.9011	0.9419
  G	0.9409	0.9409	0.9412	1.6395	1.0751	0.9405	0	0.9407	1.4129	1.4128	0.9408	0.9411	0.9409	0.9415	1.2354	0.9408	0.9412	0.9403	0.9409	0.9408	1.6612	0.9411	0.9406	1.8869	1.4128	0.9409	0.9412	0.9377	0.941	0.9412	0.9403	0.9413	1.4132	0.9412
  H	0.9416	0.9414	0.9419	0.9387	0.9422	0.9413	0.9407	0	2.363	0.9414	0.9416	0.9419	0.9419	0.9422	0.942	1.2331	0.9419	0.9429	0.9418	0.9415	0.942	1.2303	0.9414	0.9414	0.9415	0.9411	0.9419	0.9382	0.9414	0.9419	0.941	0.9417	0.9414	0.942
  I	0.9413	0.9412	0.9415	2.3358	1.2186	0.9482	1.4129	2.363	0	0.9411	0.9411	0.9415	1.2195	0.9418	2.7398	0.9414	1.5761	0.9411	2.2542	1.8863	0.9426	0.9402	0.9411	0.9444	0.9411	0.9418	1.2322	0.9385	0.9416	0.9415	2.3657	2.1509	1.4007	0.9415
  J	0.9417	0.9415	0.9419	0.9386	0.942	0.9413	1.4128	0.9414	0.9411	0	0.9415	0.9419	0.9416	0.9422	0.9418	0.9416	0.9415	0.9408	0.9416	0.9415	0.9421	0.94	0.9413	0.9414	0.9415	0.9411	0.9417	0.9383	0.9415	0.9419	0.9409	0.9412	0.9414	0.942
  K	0.9417	0.9415	0.942	0.9385	0.9419	0.9414	0.9408	0.9416	0.9411	0.9415	0	0.942	0.9417	0.9422	0.9417	0.9417	0.9415	1.4128	0.9416	0.9415	0.9419	1.4122	0.9415	0.9414	0.9415	0.9412	0.9417	0.9384	0.9415	0.942	0.9411	0.9413	0.9415	0.942
  L	1.0968	0.9419	1.2715	0.939	0.9423	0.9426	0.9411	0.9419	0.9415	0.9419	0.942	0	0.9421	1.1218	0.9422	0.942	0.9419	0.9412	0.9421	0.942	0.9423	0.9405	0.9417	0.9419	0.9419	0.9415	0.9421	0.9388	0.9419	0.9428	0.9414	0.9417	0.9418	0.9428
  M	0.9418	0.9416	0.9421	0.9471	0.9423	0.9415	0.9409	0.9419	1.2195	0.9416	0.9417	0.9421	0	0.9423	0.9445	0.9418	0.9419	0.9409	0.942	0.9418	0.9421	0.9402	0.9414	0.9416	0.9417	0.9415	0.9419	0.9384	1.4052	0.9421	0.9415	1.2361	0.9418	0.9422
  N	1.3052	0.9421	1.1364	1.4106	0.9426	0.9429	0.9415	0.9422	0.9418	0.9422	0.9422	1.1218	0.9423	0	0.9424	0.9423	0.9422	0.9414	0.9423	0.9422	0.9426	0.9408	0.942	0.9421	0.9422	0.9417	0.9424	0.9475	0.9421	1.3351	0.9417	0.942	0.9421	1.2529
  O	0.9419	0.9417	0.9422	0.9412	0.9427	0.9416	1.2354	0.942	2.7398	0.9418	0.9417	0.9422	0.9445	0.9424	0	0.9418	1.1807	0.941	0.9425	0.9419	1.2409	0.9415	0.9415	0.9418	0.9418	0.9413	0.9422	0.9385	0.9417	0.9422	0.9415	0.9449	0.9418	0.9423
  P	0.9418	0.9416	0.9421	0.9387	0.9422	0.9415	0.9408	1.2331	0.9414	0.9416	0.9417	0.942	0.9418	0.9423	0.9418	0	0.9416	2.0482	0.9417	0.9416	0.9421	2.0576	0.9761	0.9415	0.9416	0.9413	0.9418	0.9385	0.9416	0.942	0.9415	0.9413	0.9415	0.9421
  Q	0.9417	0.9415	0.9419	1.8848	0.9423	0.9414	0.9412	0.9419	1.5761	0.9415	0.9415	0.9419	0.9419	0.9422	1.1807	0.9416	0	0.9411	1.2103	0.9418	0.9422	0.9402	0.9414	0.9415	0.9415	0.9413	0.9421	0.9385	0.9415	0.9419	1.4141	0.942	0.9416	0.942
  R	0.9409	0.9408	0.9412	1.418	1.0013	0.9406	0.9403	0.9429	0.9411	0.9408	1.4128	0.9412	0.9409	0.9414	0.941	2.0482	0.9411	0	0.9409	0.9408	0.9414	5.1174	5.38	0.9407	0.9408	1.2234	0.941	0.9381	0.9409	0.9412	1.931	0.9435	0.9409	0.9412
  S	0.9418	0.9416	0.9421	0.9393	0.9451	0.9415	0.9409	0.9418	2.2542	0.9416	0.9416	0.9421	0.942	0.9423	0.9425	0.9417	1.2103	0.9409	0	0.9418	0.942	0.9402	0.9414	0.9415	0.9416	0.9412	0.942	0.9385	0.9416	0.942	0.9449	0.9454	0.9416	0.9421
  T	0.9417	0.9415	0.942	0.9387	0.9421	0.9414	0.9408	0.9415	1.8863	0.9415	0.9415	0.942	0.9418	0.9422	0.9419	0.9416	0.9418	0.9408	0.9418	0	0.9419	0.9401	0.9413	0.9414	0.9415	0.9412	0.9418	0.9384	0.9415	0.942	0.941	0.9416	0.9415	0.942
  U	0.9421	0.942	0.9423	1.1185	1.0582	0.9418	1.6612	0.942	0.9426	0.9421	0.9419	0.9423	0.9421	0.9426	1.2409	0.9421	0.9422	0.9414	0.942	0.9419	0	1.4131	0.9418	0.9422	0.9421	0.9418	0.9422	0.9391	0.942	0.9423	0.9415	0.9422	0.9422	0.9424
  V	0.9402	0.9401	0.9405	0.9437	1.3511	0.9397	0.9411	1.2303	0.9402	0.94	1.4122	0.9405	0.9402	0.9408	0.9415	2.0576	0.9402	5.1174	0.9402	0.9401	1.4131	0	1.2701	0.94	0.9401	0.9409	0.9403	0.9366	0.9402	0.9406	1.1258	0.9401	0.9401	0.9406
  W	0.9415	0.9413	0.9417	0.952	0.9418	0.9411	0.9406	0.9414	0.9411	0.9413	0.9415	0.9417	0.9414	0.942	0.9415	0.9761	0.9414	5.38	0.9414	0.9413	0.9418	1.2701	0	0.9412	0.9413	0.9439	0.9415	0.9382	0.9413	0.9417	1.1621	0.9412	0.9413	0.9418
  X	0.9416	0.9414	0.9419	0.9386	0.942	0.9413	1.8869	0.9414	0.9444	0.9414	0.9414	0.9419	0.9416	0.9421	0.9418	0.9415	0.9415	0.9407	0.9415	0.9414	0.9422	0.94	0.9412	0	0.9414	0.9411	0.9416	0.9383	0.9414	0.9419	0.9409	0.9412	0.9414	0.9419
  Y	0.9417	0.9415	0.9419	0.9386	0.942	0.9413	1.4128	0.9415	0.9411	0.9415	0.9415	0.9419	0.9417	0.9422	0.9418	0.9416	0.9415	0.9408	0.9416	0.9415	0.9421	0.9401	0.9413	0.9414	0	0.9411	0.9417	0.9384	0.9415	0.9419	0.9409	0.9412	0.9414	0.942
  Z	0.9413	0.9412	0.9415	2.6218	0.942	0.941	0.9409	0.9411	0.9418	0.9411	0.9412	0.9415	0.9415	0.9417	0.9413	0.9413	0.9413	1.2234	0.9412	0.9412	0.9418	0.9409	0.9439	0.9411	0.9411	0	0.9415	0.9386	0.9413	0.9415	1.2342	2.5949	0.9412	0.9415
  [	0.9419	0.9417	0.9421	1.17	0.9424	0.9415	0.9412	0.9419	1.2322	0.9417	0.9417	0.9421	0.9419	0.9424	0.9422	0.9418	0.9421	0.941	0.942	0.9418	0.9422	0.9403	0.9415	0.9416	0.9417	0.9415	0	0.9387	0.9418	0.9421	0.9415	0.9423	0.9419	0.9422
  \	0.9384	0.9385	0.9388	1.4027	0.9392	0.9378	0.9377	0.9382	0.9385	0.9383	0.9384	0.9388	0.9384	0.9475	0.9385	0.9385	0.9385	0.9381	0.9385	0.9384	0.9391	0.9366	0.9382	0.9383	0.9384	0.9386	0.9387	0	0.9386	1.889	0.9377	0.9383	0.9386	0.9425
  ]	0.9416	0.9415	0.9419	1.8738	0.9427	0.9413	0.941	0.9414	0.9416	0.9415	0.9415	0.9419	1.4052	0.9421	0.9417	0.9416	0.9415	0.9409	0.9416	0.9415	0.942	0.9402	0.9413	0.9414	0.9415	0.9413	0.9418	0.9386	0	0.9419	0.9412	1.4177	0.9415	0.9419
  ^	0.943	0.9419	0.9428	0.9395	0.9423	0.9419	0.9412	0.9419	0.9415	0.9419	0.942	0.9428	0.9421	1.3351	0.9422	0.942	0.9419	0.9412	0.942	0.942	0.9423	0.9406	0.9417	0.9419	0.9419	0.9415	0.9421	1.889	0.9419	0	0.9414	0.9417	0.9418	1.148
  _	0.9411	0.941	0.9414	1.2072	0.9421	0.9407	0.9403	0.941	2.3657	0.9409	0.9411	0.9414	0.9415	0.9417	0.9415	0.9415	1.4141	1.931	0.9449	0.941	0.9415	1.1258	1.1621	0.9409	0.9409	1.2342	0.9415	0.9377	0.9412	0.9414	0	1.2187	0.9412	0.9414
  `	0.9414	0.9413	0.9417	2.8036	1.2335	0.9432	0.9413	0.9417	2.1509	0.9412	0.9413	0.9417	1.2361	0.942	0.9449	0.9413	0.942	0.9435	0.9454	0.9416	0.9422	0.9401	0.9412	0.9412	0.9412	2.5949	0.9423	0.9383	1.4177	0.9417	1.2187	0	1.3956	0.9417
  a	0.9417	0.9414	0.9418	1.8709	0.9423	1.9011	1.4132	0.9414	1.4007	0.9414	0.9415	0.9418	0.9418	0.9421	0.9418	0.9415	0.9416	0.9409	0.9416	0.9415	0.9422	0.9401	0.9413	0.9414	0.9414	0.9412	0.9419	0.9386	0.9415	0.9418	0.9412	1.3956	0	0.9419
  b	0.9428	0.942	0.9428	0.9391	0.9424	0.9419	0.9412	0.942	0.9415	0.942	0.942	0.9428	0.9422	1.2529	0.9423	0.9421	0.942	0.9412	0.9421	0.942	0.9424	0.9406	0.9418	0.9419	0.942	0.9415	0.9422	0.9425	0.9419	1.148	0.9414	0.9417	0.9419	0

Actual rates from j->i (Q_ij):
	A	B	C	D	E	F	G	H	I	J	K	L	M	N	O	P	Q	R	S	T	U	V	W	X	Y	Z	[	\	]	^	_	`	a	b
  A	0	0.0297	0.035	0.0296	0.0297	0.1064	0.0297	0.0297	0.0297	0.0297	0.0297	0.0346	0.0297	0.0412	0.0297	0.0297	0.0297	0.0297	0.0297	0.0297	0.0297	0.0297	0.0297	0.0297	0.0297	0.0297	0.0297	0.0296	0.0297	0.0298	0.0297	0.0297	0.0297	0.0298
  B	0.027	0	0.027	0.0404	0.027	0.027	0.027	0.027	0.027	0.027	0.027	0.027	0.027	0.027	0.027	0.027	0.027	0.027	0.027	0.027	0.027	0.0269	0.027	0.027	0.027	0.027	0.027	0.0269	0.027	0.027	0.027	0.027	0.027	0.027
  C	0.034	0.0289	0	0.0288	0.0289	0.0289	0.0288	0.0289	0.0288	0.0289	0.0289	0.039	0.0289	0.0348	0.0289	0.0289	0.0289	0.0288	0.0289	0.0289	0.0289	0.0288	0.0289	0.0289	0.0289	0.0288	0.0289	0.0288	0.0289	0.0289	0.0288	0.0289	0.0289	0.0289
  D	0.0267	0.0402	0.0267	0	0.0502	0.0268	0.0467	0.0267	0.0665	0.0267	0.0267	0.0267	0.027	0.0402	0.0268	0.0267	0.0537	0.0404	0.0267	0.0267	0.0318	0.0269	0.0271	0.0267	0.0267	0.0746	0.0333	0.0399	0.0533	0.0267	0.0344	0.0798	0.0533	0.0267
  E	0.0263	0.0263	0.0263	0.0492	0	0.0263	0.03	0.0263	0.034	0.0263	0.0263	0.0263	0.0263	0.0263	0.0263	0.0263	0.0263	0.0279	0.0264	0.0263	0.0295	0.0377	0.0263	0.0263	0.0263	0.0263	0.0263	0.0262	0.0263	0.0263	0.0263	0.0344	0.0263	0.0263
  F	0.1139	0.0318	0.0319	0.0318	0.0318	0	0.0318	0.0318	0.032	0.0318	0.0318	0.0319	0.0318	0.0319	0.0318	0.0318	0.0318	0.0318	0.0318	0.0318	0.0318	0.0318	0.0318	0.0318	0.0318	0.0318	0.0318	0.0317	0.0318	0.0318	0.0318	0.0319	0.0642	0.0318
  G	0.0271	0.0271	0.0271	0.0473	0.031	0.0271	0	0.0271	0.0407	0.0407	0.0271	0.0271	0.0271	0.0271	0.0356	0.0271	0.0271	0.0271	0.0271	0.0271	0.0479	0.0271	0.0271	0.0544	0.0407	0.0271	0.0271	0.027	0.0271	0.0271	0.0271	0.0271	0.0407	0.0271
  H	0.0289	0.0289	0.0289	0.0288	0.0289	0.0289	0.0289	0	0.0726	0.0289	0.0289	0.0289	0.0289	0.0289	0.0289	0.0379	0.0289	0.0289	0.0289	0.0289	0.0289	0.0378	0.0289	0.0289	0.0289	0.0289	0.0289	0.0288	0.0289	0.0289	0.0289	0.0289	0.0289	0.0289
  I	0.024	0.024	0.024	0.0595	0.031	0.0241	0.036	0.0602	0	0.024	0.024	0.024	0.0311	0.024	0.0698	0.024	0.0401	0.024	0.0574	0.048	0.024	0.0239	0.024	0.0241	0.024	0.024	0.0314	0.0239	0.024	0.024	0.0603	0.0548	0.0357	0.024
  J	0.0283	0.0283	0.0283	0.0282	0.0283	0.0283	0.0425	0.0283	0.0283	0	0.0283	0.0283	0.0283	0.0283	0.0283	0.0283	0.0283	0.0283	0.0283	0.0283	0.0283	0.0283	0.0283	0.0283	0.0283	0.0283	0.0283	0.0282	0.0283	0.0283	0.0283	0.0283	0.0283	0.0283
  K	0.0282	0.0282	0.0282	0.0281	0.0282	0.0282	0.0282	0.0282	0.0282	0.0282	0	0.0282	0.0282	0.0282	0.0282	0.0282	0.0282	0.0423	0.0282	0.0282	0.0282	0.0423	0.0282	0.0282	0.0282	0.0282	0.0282	0.0281	0.0282	0.0282	0.0282	0.0282	0.0282	0.0282
  L	0.0336	0.0289	0.039	0.0288	0.0289	0.0289	0.0289	0.0289	0.0289	0.0289	0.0289	0	0.0289	0.0344	0.0289	0.0289	0.0289	0.0289	0.0289	0.0289	0.0289	0.0288	0.0289	0.0289	0.0289	0.0289	0.0289	0.0288	0.0289	0.0289	0.0289	0.0289	0.0289	0.0289
  M	0.0291	0.0291	0.0291	0.0293	0.0291	0.0291	0.0291	0.0291	0.0377	0.0291	0.0291	0.0291	0	0.0291	0.0292	0.0291	0.0291	0.0291	0.0291	0.0291	0.0291	0.029	0.0291	0.0291	0.0291	0.0291	0.0291	0.029	0.0434	0.0291	0.0291	0.0382	0.0291	0.0291
  N	0.0373	0.0269	0.0325	0.0403	0.0269	0.0269	0.0269	0.0269	0.0269	0.0269	0.0269	0.032	0.0269	0	0.0269	0.0269	0.0269	0.0269	0.0269	0.0269	0.0269	0.0269	0.0269	0.0269	0.0269	0.0269	0.0269	0.0271	0.0269	0.0381	0.0269	0.0269	0.0269	0.0358
  O	0.0291	0.0291	0.0291	0.0291	0.0291	0.0291	0.0381	0.0291	0.0846	0.0291	0.0291	0.0291	0.0292	0.0291	0	0.0291	0.0365	0.0291	0.0291	0.0291	0.0383	0.0291	0.0291	0.0291	0.0291	0.0291	0.0291	0.029	0.0291	0.0291	0.0291	0.0292	0.0291	0.0291
  P	0.0284	0.0284	0.0284	0.0283	0.0284	0.0284	0.0284	0.0372	0.0284	0.0284	0.0284	0.0284	0.0284	0.0284	0.0284	0	0.0284	0.0618	0.0284	0.0284	0.0284	0.0621	0.0295	0.0284	0.0284	0.0284	0.0284	0.0283	0.0284	0.0284	0.0284	0.0284	0.0284	0.0284
  Q	0.0269	0.0269	0.027	0.0539	0.027	0.0269	0.0269	0.027	0.0451	0.0269	0.0269	0.027	0.027	0.027	0.0338	0.0269	0	0.0269	0.0346	0.027	0.027	0.0269	0.0269	0.0269	0.0269	0.0269	0.027	0.0269	0.0269	0.027	0.0405	0.027	0.0269	0.027
  R	0.0233	0.0233	0.0233	0.0351	0.0248	0.0233	0.0233	0.0233	0.0233	0.0233	0.035	0.0233	0.0233	0.0233	0.0233	0.0507	0.0233	0	0.0233	0.0233	0.0233	0.1267	0.1332	0.0233	0.0233	0.0303	0.0233	0.0232	0.0233	0.0233	0.0478	0.0234	0.0233	0.0233
  S	0.0286	0.0286	0.0286	0.0285	0.0287	0.0286	0.0286	0.0286	0.0685	0.0286	0.0286	0.0286	0.0286	0.0286	0.0286	0.0286	0.0368	0.0286	0	0.0286	0.0286	0.0286	0.0286	0.0286	0.0286	0.0286	0.0286	0.0285	0.0286	0.0286	0.0287	0.0287	0.0286	0.0286
  T	0.0284	0.0284	0.0284	0.0283	0.0284	0.0284	0.0284	0.0284	0.0569	0.0284	0.0284	0.0284	0.0284	0.0284	0.0284	0.0284	0.0284	0.0284	0.0284	0	0.0284	0.0283	0.0284	0.0284	0.0284	0.0284	0.0284	0.0283	0.0284	0.0284	0.0284	0.0284	0.0284	0.0284
  U	0.027	0.027	0.0271	0.0321	0.0304	0.027	0.0477	0.027	0.0271	0.027	0.027	0.0271	0.027	0.0271	0.0356	0.027	0.0271	0.027	0.027	0.027	0	0.0406	0.027	0.0271	0.027	0.027	0.027	0.027	0.027	0.0271	0.027	0.0271	0.0271	0.0271
  V	0.0294	0.0294	0.0294	0.0295	0.0422	0.0293	0.0294	0.0384	0.0294	0.0293	0.0441	0.0294	0.0294	0.0294	0.0294	0.0642	0.0294	0.1598	0.0294	0.0294	0.0441	0	0.0397	0.0293	0.0293	0.0294	0.0294	0.0292	0.0294	0.0294	0.0351	0.0293	0.0294	0.0294
  W	0.0277	0.0277	0.0277	0.028	0.0277	0.0276	0.0276	0.0277	0.0276	0.0277	0.0277	0.0277	0.0277	0.0277	0.0277	0.0287	0.0277	0.158	0.0277	0.0277	0.0277	0.0373	0	0.0276	0.0277	0.0277	0.0277	0.0276	0.0277	0.0277	0.0341	0.0276	0.0277	0.0277
  X	0.0285	0.0285	0.0285	0.0284	0.0285	0.0285	0.057	0.0285	0.0286	0.0285	0.0285	0.0285	0.0285	0.0285	0.0285	0.0285	0.0285	0.0284	0.0285	0.0285	0.0285	0.0284	0.0285	0	0.0285	0.0285	0.0285	0.0284	0.0285	0.0285	0.0284	0.0285	0.0285	0.0285
  Y	0.0283	0.0283	0.0283	0.0282	0.0283	0.0283	0.0425	0.0283	0.0283	0.0283	0.0283	0.0283	0.0283	0.0283	0.0283	0.0283	0.0283	0.0283	0.0283	0.0283	0.0283	0.0283	0.0283	0.0283	0	0.0283	0.0283	0.0282	0.0283	0.0283	0.0283	0.0283	0.0283	0.0283
  Z	0.0224	0.0224	0.0224	0.0623	0.0224	0.0224	0.0224	0.0224	0.0224	0.0224	0.0224	0.0224	0.0224	0.0224	0.0224	0.0224	0.0224	0.0291	0.0224	0.0224	0.0224	0.0224	0.0224	0.0224	0.0224	0	0.0224	0.0223	0.0224	0.0224	0.0293	0.0617	0.0224	0.0224
  [	0.0275	0.0275	0.0275	0.0342	0.0276	0.0275	0.0275	0.0275	0.036	0.0275	0.0275	0.0275	0.0275	0.0276	0.0275	0.0275	0.0275	0.0275	0.0275	0.0275	0.0275	0.0275	0.0275	0.0275	0.0275	0.0275	0	0.0274	0.0275	0.0275	0.0275	0.0275	0.0275	0.0275
  \	0.032	0.032	0.032	0.0478	0.032	0.0319	0.0319	0.032	0.032	0.032	0.032	0.032	0.032	0.0323	0.032	0.032	0.032	0.032	0.032	0.032	0.032	0.0319	0.032	0.032	0.032	0.032	0.032	0	0.032	0.0644	0.0319	0.032	0.032	0.0321
  ]	0.0256	0.0256	0.0256	0.0509	0.0256	0.0256	0.0256	0.0256	0.0256	0.0256	0.0256	0.0256	0.0382	0.0256	0.0256	0.0256	0.0256	0.0256	0.0256	0.0256	0.0256	0.0255	0.0256	0.0256	0.0256	0.0256	0.0256	0.0255	0	0.0256	0.0256	0.0385	0.0256	0.0256
  ^	0.0261	0.026	0.0261	0.026	0.026	0.026	0.026	0.026	0.026	0.026	0.026	0.0261	0.026	0.0369	0.026	0.026	0.026	0.026	0.026	0.026	0.026	0.026	0.026	0.026	0.026	0.026	0.026	0.0522	0.026	0	0.026	0.026	0.026	0.0317
  _	0.0292	0.0292	0.0292	0.0374	0.0292	0.0292	0.0292	0.0292	0.0734	0.0292	0.0292	0.0292	0.0292	0.0292	0.0292	0.0292	0.0439	0.0599	0.0293	0.0292	0.0292	0.0349	0.036	0.0292	0.0292	0.0383	0.0292	0.0291	0.0292	0.0292	0	0.0378	0.0292	0.0292
  `	0.0272	0.0272	0.0272	0.0809	0.0356	0.0272	0.0272	0.0272	0.0621	0.0272	0.0272	0.0272	0.0357	0.0272	0.0273	0.0272	0.0272	0.0272	0.0273	0.0272	0.0272	0.0271	0.0272	0.0272	0.0272	0.0749	0.0272	0.0271	0.0409	0.0272	0.0352	0	0.0403	0.0272
  a	0.0255	0.0255	0.0255	0.0506	0.0255	0.0514	0.0382	0.0255	0.0379	0.0255	0.0255	0.0255	0.0255	0.0255	0.0255	0.0255	0.0255	0.0255	0.0255	0.0255	0.0255	0.0254	0.0255	0.0255	0.0255	0.0255	0.0255	0.0254	0.0255	0.0255	0.0255	0.0378	0	0.0255
  b	0.0287	0.0287	0.0287	0.0286	0.0287	0.0287	0.0287	0.0287	0.0287	0.0287	0.0287	0.0287	0.0287	0.0382	0.0287	0.0287	0.0287	0.0287	0.0287	0.0287	0.0287	0.0287	0.0287	0.0287	0.0287	0.0287	0.0287	0.0287	0.0287	0.035	0.0287	0.0287	0.0287	0
