{
  "generated_by": {
    "program": "augur",
    "version": "9.0.0"
  },
  "models": {
    "country": {
      "alphabet": [
        "american_samoa",
        "angola",
        "australia",
        "brazil",
        "canada",
        "china",
        "colombia",
        "cuba",
        "dominican_republic",
        "ecuador",
        "el_salvador",
        "fiji",
        "french_guiana",
        "french_polynesia",
        "guadeloupe",
        "guatemala",
        "haiti",
        "honduras",
        "jamaica",
        "japan",
        "martinique",
        "mexico",
        "nicaragua",
        "panama",
        "peru",
        "puerto_rico",
        "saint_barthelemy",
        "singapore",
        "suriname",
        "thailand",
        "usa",
        "usvi",
        "venezuela",
        "vietnam",
        "?"
      ],
      "equilibrium_probabilities": [
        0.03156549667910085,
        0.028661287651245666,
        0.030642800562523876,
        0.028466935901608058,
        0.02789555275486597,
        0.033790949904561496,
        0.02883362816442239,
        0.03070350691598841,
        0.025469577165229493,
        0.03006710401594595,
        0.02995578345671085,
        0.030654683905164723,
        0.030892304763209057,
        0.028568456942277567,
        0.030878603227417242,
        0.030180166220976676,
        0.02861609072839967,
        0.024760749962193074,
        0.030370063701896804,
        0.030151908840519954,
        0.02871066704137341,
        0.031221270267311273,
        0.029375556108823867,
        0.030233959114183088,
        0.030052611738450176,
        0.023771546405719875,
        0.02923628353856092,
        0.03406814404710244,
        0.027173152291301364,
        0.027633861320225044,
        0.03101208470319523,
        0.02886514805438183,
        0.027050835610735298,
        0.030469228294378425
      ],
      "rate": 84.84268300350666,
      "transition_matrix": [
        [
          0.0,
          0.9416433473620134,
          1.1098339262436785,
          0.9386511988675275,
          0.9421000365109413,
          3.3717998220982937,
          0.9408716974195026,
          0.9416408843334025,
          0.941258121607471,
          0.9416616604621767,
          0.9417003611554563,
          1.0968210589976612,
          0.9418435918953532,
          1.305234780296035,
          0.941917736188683,
          0.9417963445896218,
          0.9416952060151331,
          0.9409262904378878,
          0.9418022762016334,
          0.9416991803054088,
          0.942106686624401,
          0.9401606639632444,
          0.9414522160609892,
          0.9416009144626355,
          0.9416786986887268,
          0.941260614336854,
          0.9418539323523579,
          0.9384211123860015,
          0.9416348454463527,
          0.9430401507575198,
          0.9410840505665783,
          0.9414107320096151,
          0.9416709540140678,
          0.9428106368939464
        ],
        [
          0.9416433473620134,
          0.0,
          0.94189875962708,
          1.4111947497411965,
          0.9419759271025107,
          0.9413273760097496,
          0.9408694539907477,
          0.9414361257125435,
          0.941190224102839,
          0.9414582889116655,
          0.9414938205402733,
          0.9418890949354505,
          0.9416196033382789,
          0.9421263899303267,
          0.9416857776127046,
          0.9415824198379097,
          0.9415102137975355,
          0.9408354714762887,
          0.9415833059782536,
          0.9414915997397213,
          0.941969195375394,
          0.9401022494165561,
          0.9412882543133382,
          0.9414020587936864,
          0.9414738552604949,
          0.9411543959728691,
          0.9417127872184347,
          0.9384779654774189,
          0.9414633706038508,
          0.9418931874600391,
          0.9409940019367123,
          0.9413134313217197,
          0.9414317254086999,
          0.9419651381556762
        ],
        [
          1.1098339262436785,
          0.94189875962708,
          0.0,
          0.9389954883135064,
          0.9423351774261725,
          0.9426454876138466,
          0.9411511051221153,
          0.9419141865327785,
          0.9414746469936681,
          0.941929084648794,
          0.9419658197875852,
          1.271545135291272,
          0.9421130485435459,
          1.1363588405978842,
          0.9421855599059781,
          0.9420593782785104,
          0.9419487094080453,
          0.9411753349505506,
          0.9420688316045899,
          0.9419663561260363,
          0.9423486025228939,
          0.9404761895301817,
          0.9417162654855342,
          0.9418716462309132,
          0.9419454891879199,
          0.9414832636477632,
          0.9421075177818868,
          0.9388056876621406,
          0.941876996455794,
          0.9428258991879226,
          0.9413748215823918,
          0.9416689374468701,
          0.9418384901594123,
          0.9427916092506174
        ],
        [
          0.9386511988675275,
          1.4111947497411965,
          0.9389954883135064,
          0.0,
          1.7643287942068768,
          0.9411251318819472,
          1.6394978967859197,
          0.9387141983023556,
          2.335767341722483,
          0.9386005647303519,
          0.9385411182232664,
          0.9389801791218125,
          0.9470934227058417,
          1.410581183384518,
          0.9412362984962703,
          0.9386543741509294,
          1.8847704981047813,
          1.4179669338887477,
          0.9392970983100792,
          0.9386865491489862,
          1.1184911879950736,
          0.9437430404141318,
          0.9520035390388596,
          0.9386397030125827,
          0.9386042408956197,
          2.621797363990791,
          1.1700127383525187,
          1.402741326297888,
          1.8738086366719877,
          0.939471115867798,
          1.2072481987428847,
          2.80362216565586,
          1.8709263666661209,
          0.9391494032325131
        ],
        [
          0.9421000365109413,
          0.9419759271025107,
          0.9423351774261725,
          1.7643287942068768,
          0.0,
          0.9418292099322876,
          1.075086133094477,
          0.9421839300064677,
          1.2186297222399456,
          0.9419862774750722,
          0.9419340737777021,
          0.9423259360421612,
          0.9423062216521514,
          0.9426233859024488,
          0.942656906101071,
          0.9422323558867789,
          0.942302533671754,
          1.0012993168068194,
          0.9450706124127519,
          0.9420892792829609,
          1.058155383547674,
          1.3510726297646507,
          0.9417800679131892,
          0.9420251497655482,
          0.9420011539939596,
          0.9420380648318825,
          0.9423651723186656,
          0.9391606535168538,
          0.9427462881061007,
          0.9422862591688375,
          0.9420842161929186,
          1.2334546424695423,
          0.942343023926099,
          0.9423972887388673
        ],
        [
          3.3717998220982937,
          0.9413273760097496,
          0.9426454876138466,
          0.9411251318819472,
          0.9418292099322876,
          0.0,
          0.9405203313164366,
          0.941312880542919,
          0.9481587076895451,
          0.941329455578996,
          0.9413717932457825,
          0.9426062295097664,
          0.9415184360047216,
          0.9429492125849541,
          0.9416074732423237,
          0.9414743583380205,
          0.9413909914071171,
          0.940588641680434,
          0.9414862569007799,
          0.9413768176485579,
          0.9418206210486743,
          0.9397224625281998,
          0.9411193322415278,
          0.9412625348941418,
          0.9413478519343075,
          0.940981237767571,
          0.9415493241036185,
          0.9378010198344626,
          0.9413385993872737,
          0.9418565330324764,
          0.9407196179167484,
          0.9432024216466142,
          1.9011068347186428,
          0.9419278039047551
        ],
        [
          0.9408716974195026,
          0.9408694539907477,
          0.9411511051221153,
          1.6394978967859197,
          1.075086133094477,
          0.9405203313164366,
          0.0,
          0.9407054397270601,
          1.4129175876778535,
          1.4128464109067311,
          0.9407628543922433,
          0.941141086668503,
          0.9409448348532871,
          0.9415249325833975,
          1.235372967326121,
          0.940846130797795,
          0.9412253754881692,
          0.9403343948250853,
          0.9409220993312881,
          0.9407667408146004,
          1.6611712569862618,
          0.9410557505518917,
          0.9405964304529204,
          1.8869442810964097,
          1.4127692117393664,
          0.9408501117383243,
          0.941200935218894,
          0.9377377797620944,
          0.9409770369560373,
          0.9412196177388205,
          0.9403460791311851,
          0.9413210318462403,
          1.4131935425747568,
          0.9412224744508287
        ],
        [
          0.9416408843334025,
          0.9414361257125435,
          0.9419141865327785,
          0.9387141983023556,
          0.9421839300064677,
          0.941312880542919,
          0.9407054397270601,
          0.0,
          2.3630286597149883,
          0.9414439484391589,
          0.9415582883231932,
          0.9419038620473463,
          0.9418570946677789,
          0.9421519889744883,
          0.9419946895459175,
          1.2331065751308488,
          0.9418900110358625,
          0.9428731337046798,
          0.9418108227054532,
          0.9415055347683187,
          0.9419534310508585,
          1.230264559155715,
          0.9414135029157619,
          0.9413897205762708,
          0.9414606174289907,
          0.9410998355935983,
          0.9418641881991682,
          0.9382453351528358,
          0.941438665420335,
          0.9419083543091269,
          0.9410277899540906,
          0.941686932025817,
          0.9414324561919744,
          0.9419850863682043
        ],
        [
          0.941258121607471,
          0.941190224102839,
          0.9414746469936681,
          2.335767341722483,
          1.2186297222399456,
          0.9481587076895451,
          1.4129175876778535,
          2.3630286597149883,
          0.0,
          0.9410944132816399,
          0.9411207281378288,
          0.9414658210481871,
          1.219548722120126,
          0.9417857317234631,
          2.7397951984885105,
          0.9413813644301167,
          1.5760872385510063,
          0.9410905896640934,
          2.2541524117160288,
          1.8863208518470915,
          0.9425512979720906,
          0.9402452802821634,
          0.941062402613812,
          0.9444218933436003,
          0.9411081877658012,
          0.9418291062252296,
          1.2322285052905775,
          0.9384748408612117,
          0.9415511082206317,
          0.9415094177799452,
          2.365738718793873,
          2.1509375138015554,
          1.4007477448134844,
          0.9415367670342241
        ],
        [
          0.9416616604621767,
          0.9414582889116655,
          0.941929084648794,
          0.9386005647303519,
          0.9419862774750722,
          0.941329455578996,
          1.4128464109067311,
          0.9414439484391589,
          0.9410944132816399,
          0.0,
          0.941504216470364,
          0.9419189571997124,
          0.941635202461904,
          0.9421610045442685,
          0.94179579355366,
          0.9415972287753197,
          0.941508095712541,
          0.9407862792658951,
          0.9415980602225722,
          0.9415019685261938,
          0.9420848534477575,
          0.9400423660561598,
          0.9412777656720429,
          0.9414190316010006,
          0.9414872493733296,
          0.9411246752017438,
          0.9416568209346631,
          0.9383381845733932,
          0.9414598485021112,
          0.9419215713205593,
          0.9409145183743371,
          0.9412229095035641,
          0.9414272362863231,
          0.9419985608534753
        ],
        [
          0.9417003611554563,
          0.9414938205402733,
          0.9419658197875852,
          0.9385411182232664,
          0.9419340737777021,
          0.9413717932457825,
          0.9407628543922433,
          0.9415582883231932,
          0.9411207281378288,
          0.941504216470364,
          0.0,
          0.9419557331513406,
          0.9416729917858986,
          0.9421945819068285,
          0.9417437891688921,
          0.9417478441218609,
          0.9415435382205546,
          1.4127732182685917,
          0.941635325073003,
          0.9415392115445451,
          0.9419411263056917,
          1.4121592044463216,
          0.9414632558526622,
          0.9414456749252487,
          0.9415204708824211,
          0.9412358372743824,
          0.9416924267068085,
          0.9383916212428783,
          0.9414935372852214,
          0.9419547444766792,
          0.9411402756485456,
          0.9412612134224979,
          0.941456849039913,
          0.9420349020172898
        ],
        [
          1.0968210589976612,
          0.9418890949354505,
          1.271545135291272,
          0.9389801791218125,
          0.9423259360421612,
          0.9426062295097664,
          0.941141086668503,
          0.9419038620473463,
          0.9414658210481871,
          0.9419189571997124,
          0.9419557331513406,
          0.0,
          0.942102710424276,
          1.1218475065293136,
          0.9421752036197054,
          0.9420493617283655,
          0.941939071185409,
          0.9411661855338198,
          0.9420586143000439,
          0.9419562075389208,
          0.942339108037284,
          0.9404655257340343,
          0.9417065157683019,
          0.9418614371514751,
          0.9419353733992049,
          0.9414751022222266,
          0.942097789834407,
          0.9387923178302984,
          0.9418678412177077,
          0.9427811449931007,
          0.9413642801805516,
          0.9416589204703375,
          0.9418293418663284,
          0.9427593246477732
        ],
        [
          0.9418435918953532,
          0.9416196033382789,
          0.9421130485435459,
          0.9470934227058417,
          0.9423062216521514,
          0.9415184360047216,
          0.9409448348532871,
          0.9418570946677789,
          1.219548722120126,
          0.941635202461904,
          0.9416729917858986,
          0.942102710424276,
          0.0,
          0.9423410941969808,
          0.944497823400779,
          0.9417681133759476,
          0.9418610399866203,
          0.9409166710161566,
          0.9420317689220309,
          0.9418415490963017,
          0.9420744397684784,
          0.940171007274771,
          0.941433872835404,
          0.9415769376932043,
          0.9416518904614436,
          0.9414790207982011,
          0.9419237686067775,
          0.9384425165635,
          1.4051969929641632,
          0.9420881964665649,
          0.9414850155503807,
          1.2361270602641645,
          0.9417581329404298,
          0.9421834222670176
        ],
        [
          1.305234780296035,
          0.9421263899303267,
          1.1363588405978842,
          1.410581183384518,
          0.9426233859024488,
          0.9429492125849541,
          0.9415249325833975,
          0.9421519889744883,
          0.9417857317234631,
          0.9421610045442685,
          0.9421945819068285,
          1.1218475065293136,
          0.9423410941969808,
          0.0,
          0.9424098522514295,
          0.942280992252432,
          0.9421751218462112,
          0.9414490884202613,
          0.942295261207283,
          0.9421966459738512,
          0.9426369429148334,
          0.9408077322569796,
          0.9419600724316798,
          0.9421089470488785,
          0.9421761688146312,
          0.9417030304347496,
          0.9423911890738593,
          0.9475308383087203,
          0.9420939648479063,
          1.3350511784008021,
          0.9417103217155044,
          0.9419900219869799,
          0.9420596196785324,
          1.2528631222111228
        ],
        [
          0.941917736188683,
          0.9416857776127046,
          0.9421855599059781,
          0.9412362984962703,
          0.942656906101071,
          0.9416074732423237,
          1.235372967326121,
          0.9419946895459175,
          2.7397951984885105,
          0.94179579355366,
          0.9417437891688921,
          0.9421752036197054,
          0.944497823400779,
          0.9424098522514295,
          0.0,
          0.9418412309031211,
          1.1806547852001024,
          0.9409918118326237,
          0.9424970340917216,
          0.9419185519428501,
          1.240852262002925,
          0.9414798724202222,
          0.9415010135115236,
          0.9418409782799299,
          0.9418163218388744,
          0.9413130422600888,
          0.9422112907500094,
          0.9385210093242083,
          0.9416802254425815,
          0.9421542520035823,
          0.9415415787011508,
          0.9448853185153532,
          0.9418146068893397,
          0.9422558967681501
        ],
        [
          0.9417963445896218,
          0.9415824198379097,
          0.9420593782785104,
          0.9386543741509294,
          0.9422323558867789,
          0.9414743583380205,
          0.940846130797795,
          1.2331065751308488,
          0.9413813644301167,
          0.9415972287753197,
          0.9417478441218609,
          0.9420493617283655,
          0.9417681133759476,
          0.942280992252432,
          0.9418412309031211,
          0.0,
          0.9416298980117883,
          2.0481878856240634,
          0.941729689341992,
          0.941633045788211,
          0.9421052627399702,
          2.057598578542395,
          0.976078813312646,
          0.941538772697395,
          0.9416135310179258,
          0.9413382572312272,
          0.9417820824723611,
          0.9384714897091734,
          0.9415773360181001,
          0.942037658544421,
          0.9415344265824205,
          0.9413481134320447,
          0.9415396702691429,
          0.9421275938239135
        ],
        [
          0.9416952060151331,
          0.9415102137975355,
          0.9419487094080453,
          1.8847704981047813,
          0.942302533671754,
          0.9413909914071171,
          0.9412253754881692,
          0.9418900110358625,
          1.5760872385510063,
          0.941508095712541,
          0.9415435382205546,
          0.941939071185409,
          0.9418610399866203,
          0.9421751218462112,
          1.1806547852001024,
          0.9416298980117883,
          0.0,
          0.941050142556586,
          1.2103005571165406,
          0.9417952619223421,
          0.9422044914177762,
          0.9401779062816404,
          0.941371679193187,
          0.941455025974407,
          0.9415235928212832,
          0.9412791465823825,
          0.9420972616486482,
          0.9385370666039133,
          0.9415117201690922,
          0.9419384618378399,
          1.4141179922713485,
          0.9420469666808001,
          0.9416100383049988,
          0.9420148126017613
        ],
        [
          0.9409262904378878,
          0.9408354714762887,
          0.9411753349505506,
          1.4179669338887477,
          1.0012993168068194,
          0.940588641680434,
          0.9403343948250853,
          0.9428731337046798,
          0.9410905896640934,
          0.9407862792658951,
          1.4127732182685917,
          0.9411661855338198,
          0.9409166710161566,
          0.9414490884202613,
          0.9409918118326237,
          2.0481878856240634,
          0.941050142556586,
          0.0,
          0.9408983103257941,
          0.9408136949434531,
          0.9413622937741535,
          5.117397384398775,
          5.379956896864507,
          0.9407341589048516,
          0.9408001409381465,
          1.223372885332594,
          0.9410330681651221,
          0.9381435988482527,
          0.9408935867146867,
          0.9412448925548086,
          1.9310140498105919,
          0.9435363443530387,
          0.9408691972430101,
          0.9412409696432357
        ],
        [
          0.9418022762016334,
          0.9415833059782536,
          0.9420688316045899,
          0.9392970983100792,
          0.9450706124127519,
          0.9414862569007799,
          0.9409220993312881,
          0.9418108227054532,
          2.2541524117160288,
          0.9415980602225722,
          0.941635325073003,
          0.9420586143000439,
          0.9420317689220309,
          0.942295261207283,
          0.9424970340917216,
          0.941729689341992,
          1.2103005571165406,
          0.9408983103257941,
          0.0,
          0.9417842300694061,
          0.9420330988054375,
          0.9401613379139248,
          0.9414023637747273,
          0.9415447781606436,
          0.9416144921667883,
          0.9412338277719162,
          0.9420267930451252,
          0.9384537532394839,
          0.941580765543106,
          0.9420484130839448,
          0.9448838976414207,
          0.945355472053228,
          0.9416286407966801,
          0.9421385393010366
        ],
        [
          0.9416991803054088,
          0.9414915997397213,
          0.9419663561260363,
          0.9386865491489862,
          0.9420892792829609,
          0.9413768176485579,
          0.9407667408146004,
          0.9415055347683187,
          1.8863208518470915,
          0.9415019685261938,
          0.9415392115445451,
          0.9419562075389208,
          0.9418415490963017,
          0.9421966459738512,
          0.9419185519428501,
          0.941633045788211,
          0.9417952619223421,
          0.9408136949434531,
          0.9417842300694061,
          0.0,
          0.9419359950615744,
          0.9400735839650045,
          0.9413115894349898,
          0.9414470059216891,
          0.941518329430294,
          0.9411517031905411,
          0.9418396893121832,
          0.9383688230209553,
          0.9414914748127643,
          0.941955348976266,
          0.9409779861919755,
          0.9415920323842553,
          0.9414746364614015,
          0.9420358643458359
        ],
        [
          0.942106686624401,
          0.941969195375394,
          0.9423486025228939,
          1.1184911879950736,
          1.058155383547674,
          0.9418206210486743,
          1.6611712569862618,
          0.9419534310508585,
          0.9425512979720906,
          0.9420848534477575,
          0.9419411263056917,
          0.942339108037284,
          0.9420744397684784,
          0.9426369429148334,
          1.240852262002925,
          0.9421052627399702,
          0.9422044914177762,
          0.9413622937741535,
          0.9420330988054375,
          0.9419359950615744,
          0.0,
          1.4130605045195463,
          0.9417625358759968,
          0.9422214266620396,
          0.9421054102218034,
          0.9417683263861495,
          0.9421530300156095,
          0.9390743288566767,
          0.942034580734955,
          0.9422985979177038,
          0.9415049801735079,
          0.9421936257089383,
          0.942216122303706,
          0.9424123949953283
        ],
        [
          0.9401606639632444,
          0.9401022494165561,
          0.9404761895301817,
          0.9437430404141318,
          1.3510726297646507,
          0.9397224625281998,
          0.9410557505518917,
          1.230264559155715,
          0.9402452802821634,
          0.9400423660561598,
          1.4121592044463216,
          0.9404655257340343,
          0.940171007274771,
          0.9408077322569796,
          0.9414798724202222,
          2.057598578542395,
          0.9401779062816404,
          5.117397384398775,
          0.9401613379139248,
          0.9400735839650045,
          1.4130605045195463,
          0.0,
          1.2700603209192953,
          0.9399747349754767,
          0.9400599020142187,
          0.9408897742739931,
          0.9402982930290591,
          0.9366144660161057,
          0.9401767220448853,
          0.9406067176128036,
          1.1258165151394954,
          0.9400592914247466,
          0.9401459293928214,
          0.9405538259894807
        ],
        [
          0.9414522160609892,
          0.9412882543133382,
          0.9417162654855342,
          0.9520035390388596,
          0.9417800679131892,
          0.9411193322415278,
          0.9405964304529204,
          0.9414135029157619,
          0.941062402613812,
          0.9412777656720429,
          0.9414632558526622,
          0.9417065157683019,
          0.941433872835404,
          0.9419600724316798,
          0.9415010135115236,
          0.976078813312646,
          0.941371679193187,
          5.379956896864507,
          0.9414023637747273,
          0.9413115894349898,
          0.9417625358759968,
          1.2700603209192953,
          0.0,
          0.9412191086088628,
          0.941293754183822,
          0.9438552316689618,
          0.9414913398577742,
          0.9382054019563107,
          0.9413071257072553,
          0.9417258537257915,
          1.1620962692631576,
          0.9412483363897965,
          0.941272388977281,
          0.9417836281716861
        ],
        [
          0.9416009144626355,
          0.9414020587936864,
          0.9418716462309132,
          0.9386397030125827,
          0.9420251497655482,
          0.9412625348941418,
          1.8869442810964097,
          0.9413897205762708,
          0.9444218933436003,
          0.9414190316010006,
          0.9414456749252487,
          0.9418614371514751,
          0.9415769376932043,
          0.9421089470488785,
          0.9418409782799299,
          0.941538772697395,
          0.941455025974407,
          0.9407341589048516,
          0.9415447781606436,
          0.9414470059216891,
          0.9422214266620396,
          0.9399747349754767,
          0.9412191086088628,
          0.0,
          0.94143407160799,
          0.9410762472977088,
          0.9416019009066295,
          0.9382545885503835,
          0.9414065327264936,
          0.9418699831368894,
          0.9408569760429583,
          0.9411701748852564,
          0.9413833236666449,
          0.9419418806285696
        ],
        [
          0.9416786986887268,
          0.9414738552604949,
          0.9419454891879199,
          0.9386042408956197,
          0.9420011539939596,
          0.9413478519343075,
          1.4127692117393664,
          0.9414606174289907,
          0.9411081877658012,
          0.9414872493733296,
          0.9415204708824211,
          0.9419353733992049,
          0.9416518904614436,
          0.9421761688146312,
          0.9418163218388744,
          0.9416135310179258,
          0.9415235928212832,
          0.9408001409381465,
          0.9416144921667883,
          0.941518329430294,
          0.9421054102218034,
          0.9400599020142187,
          0.941293754183822,
          0.94143407160799,
          0.0,
          0.9411377221121933,
          0.9416725902811938,
          0.9383580370614937,
          0.9414746008052476,
          0.9419363406353163,
          0.9409315476361011,
          0.9412386768333587,
          0.9414416580073337,
          0.9420148308608879
        ],
        [
          0.941260614336854,
          0.9411543959728691,
          0.9414832636477632,
          2.621797363990791,
          0.9420380648318825,
          0.940981237767571,
          0.9408501117383243,
          0.9410998355935983,
          0.9418291062252296,
          0.9411246752017438,
          0.9412358372743824,
          0.9414751022222266,
          0.9414790207982011,
          0.9417030304347496,
          0.9413130422600888,
          0.9413382572312272,
          0.9412791465823825,
          1.223372885332594,
          0.9412338277719162,
          0.9411517031905411,
          0.9417683263861495,
          0.9408897742739931,
          0.9438552316689618,
          0.9410762472977088,
          0.9411377221121933,
          0.0,
          0.9415001378763355,
          0.9386086269477404,
          0.941259599134447,
          0.9415143691890075,
          1.2342055678007045,
          2.594931290699307,
          0.9411893715721534,
          0.9415405706660264
        ],
        [
          0.9418539323523579,
          0.9417127872184347,
          0.9421075177818868,
          1.1700127383525187,
          0.9423651723186656,
          0.9415493241036185,
          0.941200935218894,
          0.9418641881991682,
          1.2322285052905775,
          0.9416568209346631,
          0.9416924267068085,
          0.942097789834407,
          0.9419237686067775,
          0.9423911890738593,
          0.9422112907500094,
          0.9417820824723611,
          0.9420972616486482,
          0.9410330681651221,
          0.9420267930451252,
          0.9418396893121832,
          0.9421530300156095,
          0.9402982930290591,
          0.9414913398577742,
          0.9416019009066295,
          0.9416725902811938,
          0.9415001378763355,
          0.0,
          0.9387197276180039,
          0.9417690161150348,
          0.94208121391446,
          0.9415035945686954,
          0.9422690034248891,
          0.9418651440972036,
          0.9421736336420709
        ],
        [
          0.9384211123860015,
          0.9384779654774189,
          0.9388056876621406,
          1.402741326297888,
          0.9391606535168538,
          0.9378010198344626,
          0.9377377797620944,
          0.9382453351528358,
          0.9384748408612117,
          0.9383381845733932,
          0.9383916212428783,
          0.9387923178302984,
          0.9384425165635,
          0.9475308383087203,
          0.9385210093242083,
          0.9384714897091734,
          0.9385370666039133,
          0.9381435988482527,
          0.9384537532394839,
          0.9383688230209553,
          0.9390743288566767,
          0.9366144660161057,
          0.9382054019563107,
          0.9382545885503835,
          0.9383580370614937,
          0.9386086269477404,
          0.9387197276180039,
          0.0,
          0.9386324825509557,
          1.8890267896803397,
          0.9376857219884608,
          0.9382659057894445,
          0.9386074074951,
          0.9425139415945134
        ],
        [
          0.9416348454463527,
          0.9414633706038508,
          0.941876996455794,
          1.8738086366719877,
          0.9427462881061007,
          0.9413385993872737,
          0.9409770369560373,
          0.941438665420335,
          0.9415511082206317,
          0.9414598485021112,
          0.9414935372852214,
          0.9418678412177077,
          1.4051969929641632,
          0.9420939648479063,
          0.9416802254425815,
          0.9415773360181001,
          0.9415117201690922,
          0.9408935867146867,
          0.941580765543106,
          0.9414914748127643,
          0.942034580734955,
          0.9401767220448853,
          0.9413071257072553,
          0.9414065327264936,
          0.9414746008052476,
          0.941259599134447,
          0.9417690161150348,
          0.9386324825509557,
          0.0,
          0.9418721890396107,
          0.9411890863014826,
          1.417662313632079,
          0.9414546252477384,
          0.9419399076037952
        ],
        [
          0.9430401507575198,
          0.9418931874600391,
          0.9428258991879226,
          0.939471115867798,
          0.9422862591688375,
          0.9418565330324764,
          0.9412196177388205,
          0.9419083543091269,
          0.9415094177799452,
          0.9419215713205593,
          0.9419547444766792,
          0.9427811449931007,
          0.9420881964665649,
          1.3350511784008021,
          0.9421542520035823,
          0.942037658544421,
          0.9419384618378399,
          0.9412448925548086,
          0.9420484130839448,
          0.941955348976266,
          0.9422985979177038,
          0.9406067176128036,
          0.9417258537257915,
          0.9418699831368894,
          0.9419363406353163,
          0.9415143691890075,
          0.94208121391446,
          1.8890267896803397,
          0.9418721890396107,
          0.0,
          0.9414212265711777,
          0.9416896385753165,
          0.9418358180407953,
          1.1479641890662764
        ],
        [
          0.9410840505665783,
          0.9409940019367123,
          0.9413748215823918,
          1.2072481987428847,
          0.9420842161929186,
          0.9407196179167484,
          0.9403460791311851,
          0.9410277899540906,
          2.365738718793873,
          0.9409145183743371,
          0.9411402756485456,
          0.9413642801805516,
          0.9414850155503807,
          0.9417103217155044,
          0.9415415787011508,
          0.9415344265824205,
          1.4141179922713485,
          1.9310140498105919,
          0.9448838976414207,
          0.9409779861919755,
          0.9415049801735079,
          1.1258165151394954,
          1.1620962692631576,
          0.9408569760429583,
          0.9409315476361011,
          1.2342055678007045,
          0.9415035945686954,
          0.9376857219884608,
          0.9411890863014826,
          0.9414212265711777,
          0.0,
          1.2187205043945062,
          0.9411926293181525,
          0.9414489751137026
        ],
        [
          0.9414107320096151,
          0.9413134313217197,
          0.9416689374468701,
          2.80362216565586,
          1.2334546424695423,
          0.9432024216466142,
          0.9413210318462403,
          0.941686932025817,
          2.1509375138015554,
          0.9412229095035641,
          0.9412612134224979,
          0.9416589204703375,
          1.2361270602641645,
          0.9419900219869799,
          0.9448853185153532,
          0.9413481134320447,
          0.9420469666808001,
          0.9435363443530387,
          0.945355472053228,
          0.9415920323842553,
          0.9421936257089383,
          0.9400592914247466,
          0.9412483363897965,
          0.9411701748852564,
          0.9412386768333587,
          2.594931290699307,
          0.9422690034248891,
          0.9382659057894445,
          1.417662313632079,
          0.9416896385753165,
          1.2187205043945062,
          0.0,
          1.3956299827239003,
          0.9417388159586427
        ],
        [
          0.9416709540140678,
          0.9414317254086999,
          0.9418384901594123,
          1.8709263666661209,
          0.942343023926099,
          1.9011068347186428,
          1.4131935425747568,
          0.9414324561919744,
          1.4007477448134844,
          0.9414272362863231,
          0.941456849039913,
          0.9418293418663284,
          0.9417581329404298,
          0.9420596196785324,
          0.9418146068893397,
          0.9415396702691429,
          0.9416100383049988,
          0.9408691972430101,
          0.9416286407966801,
          0.9414746364614015,
          0.942216122303706,
          0.9401459293928214,
          0.941272388977281,
          0.9413833236666449,
          0.9414416580073337,
          0.9411893715721534,
          0.9418651440972036,
          0.9386074074951,
          0.9414546252477384,
          0.9418358180407953,
          0.9411926293181525,
          1.3956299827239003,
          0.0,
          0.9418997649337638
        ],
        [
          0.9428106368939464,
          0.9419651381556762,
          0.9427916092506174,
          0.9391494032325131,
          0.9423972887388673,
          0.9419278039047551,
          0.9412224744508287,
          0.9419850863682043,
          0.9415367670342241,
          0.9419985608534753,
          0.9420349020172898,
          0.9427593246477732,
          0.9421834222670176,
          1.2528631222111228,
          0.9422558967681501,
          0.9421275938239135,
          0.9420148126017613,
          0.9412409696432357,
          0.9421385393010366,
          0.9420358643458359,
          0.9424123949953283,
          0.9405538259894807,
          0.9417836281716861,
          0.9419418806285696,
          0.9420148308608879,
          0.9415405706660264,
          0.9421736336420709,
          0.9425139415945134,
          0.9419399076037952,
          1.1479641890662764,
          0.9414489751137026,
          0.9417388159586427,
          0.9418997649337638,
          0.0
        ]
      ]
    },
    "region": {
      "alphabet": [
        "africa",
        "china",
        "japan_korea",
        "north_america",
        "oceania",
        "south_america",
        "southeast_asia",
        "?"
      ],
      "equilibrium_probabilities": [
        0.1342223502022674,
        0.19022118688331804,
        0.12803458510493015,
        0.15883374640039508,
        0.15178526600225584,
        0.058831936846109205,
        0.17807092856072432
      ],
      "rate": 20.54786005394444,
      "transition_matrix": [
        [
          0.0,
          0.7638317055975898,
          0.7645670584703635,
          0.7368504809736344,
          0.7618786244697036,
          1.1205612681747963,
          0.7514744498167679
        ],
        [
          0.7638317055975898,
          0.0,
          0.7641061739311071,
          0.7264466480466572,
          2.7074716751040326,
          1.4724403927030196,
          0.7457068062618354
        ],
        [
          0.7645670584703635,
          0.7641061739311071,
          0.0,
          1.4799165688164322,
          0.7621977408467351,
          0.7471058914135174,
          0.7522910404420341
        ],
        [
          0.7368504809736344,
          0.7264466480466572,
          1.4799165688164322,
          0.0,
          0.7305754953146324,
          9.76715129847596,
          0.7143183967956853
        ],
        [
          0.7618786244697036,
          2.7074716751040326,
          0.7621977408467351,
          0.7305754953146324,
          0.0,
          1.115129556882344,
          1.1311061152539064
        ],
        [
          1.1205612681747963,
          1.4724403927030196,
          0.7471058914135174,
          9.76715129847596,
          1.115129556882344,
          0.0,
          1.1022168998283197
        ],
        [
          0.7514744498167679,
          0.7457068062618354,
          0.7522910404420341,
          0.7143183967956853,
          1.1311061152539064,
          1.1022168998283197,
          0.0
        ]
      ]
    }
  },
  "nodes": {
    "1_0015_PF": {
      "country": "french_polynesia",
      "country_confidence": {
        "french_polynesia": 1.0
      },
      "country_entropy": -1.000088900581841e-12,
      "region": "oceania",
      "region_confidence": {
        "oceania": 0.9999999999999999
      },
      "region_entropy": -9.99866855976916e-13
    },
    "1_0016_PF": {
      "country": "french_polynesia",
      "country_confidence": {
        "french_polynesia": 1.0
      },
      "country_entropy": -1.000088900581841e-12,
      "region": "oceania",
      "region_confidence": {
        "oceania": 0.9999999999999999
      },
      "region_entropy": -9.99866855976916e-13
    },
    "1_0030_PF": {
      "country": "french_polynesia",
      "country_confidence": {
        "french_polynesia": 1.0
      },
      "country_entropy": -1.000088900581841e-12,
      "region": "oceania",
      "region_confidence": {
        "oceania": 1.0
      },
      "region_entropy": -1.000088900581841e-12
    },
    "1_0035_PF": {
      "country": "french_polynesia",
      "country_confidence": {
        "french_polynesia": 1.0
      },
      "country_entropy": -1.000088900581841e-12,
      "region": "oceania",
      "region_confidence": {
        "oceania": 0.9999999999999999
      },
      "region_entropy": -9.99866855976916e-13
