{
  "generated_by": {
    "program": "augur",
    "version": "9.0.0"
  },
  "models": {
    "country": {
      "alphabet": [
        "american_samoa",
        "angola",
        "australia",
        "brazil",
        "canada",
        "china",
        "colombia",
        "cuba",
        "dominican_republic",
        "ecuador",
        "el_salvador",
        "fiji",
        "french_guiana",
        "french_polynesia",
        "guadeloupe",
        "guatemala",
        "haiti",
        "honduras",
        "jamaica",
        "japan",
        "martinique",
        "mexico",
        "nicaragua",
        "panama",
        "peru",
        "puerto_rico",
        "saint_barthelemy",
        "singapore",
        "suriname",
        "thailand",
        "usa",
        "usvi",
        "venezuela",
        "vietnam",
        "?"
      ],
      "equilibrium_probabilities": [
        0.03176582853807986,
        0.02879987519300926,
        0.030832581012863368,
        0.02823827136510567,
        0.028231986717841582,
        0.033995119292690314,
        0.028411219426171704,
        0.03052430311285994,
        0.025638761205930078,
        0.0302162107203939,
        0.03009869390925316,
        0.0308433401572339,
        0.03108541207095057,
        0.028536216042431232,
        0.030867484839300647,
        0.03027398161109539,
        0.02697023272296142,
        0.02129191384257024,
        0.030616601831894144,
        0.030359350494337977,
        0.029521904473020853,
        0.0320949111877606,
        0.03067194802741666,
        0.03038322380272778,
        0.030216722103066605,
        0.0238001215248769,
        0.029391305968258168,
        0.03439046888364726,
        0.027278731500178784,
        0.026672824433956372,
        0.03149114720634109,
        0.029008507419371103,
        0.027138883017493346,
        0.030341916344910163
      ],
      "rate": 85.07115819869156,
      "transition_matrix": [
        [
          0.0,
          0.9432873923761416,
          1.1106216183819166,
          0.940207901700888,
          0.9436780008233809,
          3.3785421003292764,
          0.9424180546911582,
          0.9431682086976794,
          0.9428611410499709,
          0.9433105003025837,
          0.9433757680810063,
          1.0985904954136991,
          0.9434906996102244,
          1.3087511673406362,
          0.9435655583826679,
          0.9433641489815824,
          0.943427652322169,
          0.9422929311832203,
          0.943424770876617,
          0.9433429706444125,
          0.9434994612178391,
          0.9417431239867734,
          0.9431319108277806,
          0.9432446551177496,
          0.9433233028688128,
          0.9429072320284748,
          0.9435028185672274,
          0.9405786688597259,
          0.9432787276077881,
          0.943726246133443,
          0.9427659066954177,
          0.9430640993272994,
          0.9433152423354938,
          0.9441475830341423
        ],
        [
          0.9432873923761416,
          0.0,
          0.9435526887495506,
          1.4135416212474476,
          0.9435333552494245,
          0.9429637709786756,
          0.9424121705814021,
          0.942973152433822,
          0.9428065911829456,
          0.9431037366336451,
          0.9431617606420694,
          0.9435436609548299,
          0.9432610966356529,
          0.9440170229851977,
          0.9433290626196656,
          0.9431497978062302,
          0.9432010519165863,
          0.9422451059092225,
          0.9432023850440291,
          0.9431302475110678,
          0.9432781185971463,
          0.9416722658124207,
          0.9429373501547963,
          0.943041126439062,
          0.943113526162934,
          0.9427984812133758,
          0.9433579998412064,
          0.9404097981100853,
          0.9431032831371455,
          0.9433213751629627,
          0.942665370032964,
          0.9429575726472263,
          0.943073051300206,
          0.9436123049881028
        ],
        [
          1.1106216183819166,
          0.9435526887495506,
          0.0,
          0.9405466980594148,
          0.9439262543876431,
          0.9443223053722156,
          0.9427049866161341,
          0.9434528092360412,
          0.9430985381891062,
          0.9435882285706997,
          0.943650482713428,
          1.267570879205882,
          0.943771083587539,
          1.1401518686007712,
          0.9438419408527411,
          0.9436410866446274,
          0.9436665611867527,
          0.942518163146983,
          0.9437032506257159,
          0.9436210844781048,
          0.9437650692194381,
          0.9420846719903959,
          0.9434196064669433,
          0.9435258091084658,
          0.9436005690762758,
          0.9431371227679163,
          0.9437664088868456,
          0.9409223826014602,
          0.9435300114999687,
          0.9439030112530972,
          0.9430702937403734,
          0.943326940073055,
          0.9434915645225377,
          0.9443435838373853
        ],
        [
          0.940207901700888,
          1.4135416212474476,
          0.9405466980594148,
          0.0,
          1.720984778139155,
          0.9423525963381909,
          1.78219579225862,
          0.9433597647330367,
          2.3318735803619925,
          0.943407761672534,
          0.9401357819969511,
          0.9405323421066656,
          0.9487153524268689,
          1.2850526863068514,
          0.9410271665289288,
          0.9402295196430452,
          2.321686017032411,
          1.410564150648778,
          0.9408682353117874,
          0.9402385146702692,
          0.9405172362600726,
          1.4082230516367553,
          0.9444865036311009,
          0.9401684550896924,
          0.9401436940453883,
          2.6248773895097575,
          1.175213408680321,
          1.4057278156997437,
          1.8769155495933014,
          0.9407845942795041,
          1.2094776419692734,
          2.793632272385559,
          1.8797535900236308,
          0.94085706384681
        ],
        [
          0.9436780008233809,
          0.9435333552494245,
          0.9439262543876431,
          1.720984778139155,
          0.0,
          0.9433918365551449,
          1.1920946915216306,
          0.9435543909578429,
          1.2203688456822392,
          0.9435649292657952,
          0.9435882178184769,
          0.9439175474763439,
          0.9438864412155852,
          0.9444409391663078,
          0.9441553475817384,
          1.0257816592967024,
          0.9439979783392032,
          1.1972497817490755,
          0.9463490667598672,
          0.9436654972384398,
          0.943773252554557,
          1.1052013109535148,
          0.9434782254786656,
          0.9435870018073983,
          0.9435704251631852,
          0.9436041249449958,
          0.9439338865979398,
          0.9409702157080083,
          0.9443052303979977,
          0.9436504193757929,
          0.9436955715476532,
          1.235052844025991,
          0.9438991587782953,
          0.9439773978478944
        ],
        [
          3.3785421003292764,
          0.9429637709786756,
          0.9443223053722156,
          0.9423525963381909,
          0.9433918365551449,
          0.0,
          0.9420567217774725,
          0.9428198323008575,
          0.947280477038416,
          0.9429710067825696,
          0.9430420348057944,
          0.9442854191016089,
          0.9431568342152273,
          0.9448274815581648,
          0.9432432224483535,
          0.9430270192512242,
          0.9430297807042414,
          0.9419848985243958,
          0.9430935817278631,
          0.9430085562429198,
          0.9431803789643177,
          0.9412734861761558,
          0.9427736045009022,
          0.9428987866462574,
          0.9429848539004835,
          0.9426255252009109,
          0.9431893882494036,
          0.9397754461417264,
          0.9429760464962591,
          0.9432424031480112,
          0.9423842156617712,
          0.9481017568178566,
          1.9033793135585828,
          0.9435703091438266
        ],
        [
          0.9424180546911582,
          0.9424121705814021,
          0.9427049866161341,
          1.78219579225862,
          1.1920946915216306,
          0.9420567217774725,
          0.0,
          0.9421699332133903,
          1.4153310103767105,
          1.4148057614003082,
          0.9423421652935223,
          0.9426957985864846,
          0.9424911443627706,
          0.9433223846176341,
          1.2530456031397963,
          0.942372059046373,
          0.9427828260316623,
          0.9417968286060737,
          0.9424363730835408,
          0.9423132727939199,
          1.2517624202430697,
          0.9424958905444081,
          0.9421057627085772,
          1.890013278944935,
          1.4151042542080274,
          0.9423875316448181,
          0.9427809582452736,
          0.9396012337023314,
          0.9425097323529487,
          0.9425921054847989,
          0.9420713686307087,
          0.9428915023006866,
          1.4154871894403696,
          0.9427768497619523
        ],
        [
          0.9431682086976794,
          0.942973152433822,
          0.9434528092360412,
          0.9433597647330367,
          0.9435543909578429,
          0.9428198323008575,
          0.9421699332133903,
          0.0,
          1.8946685750625178,
          0.9429779738885526,
          0.9482426627463982,
          0.943443210445202,
          0.9433102346266219,
          0.9438999546950452,
          0.9433963005883239,
          0.9616536484970684,
          0.9519847385610677,
          0.9717278075640944,
          0.9432578323287886,
          0.9430406417879151,
          0.9431891143842082,
          1.3810580001732418,
          0.942865190805824,
          0.9429170073768173,
          0.9429903718542176,
          0.9426709947489946,
          0.9433348125688473,
          0.9401063488213441,
          0.9429834365336587,
          0.9432242541220458,
          0.9426380268332176,
          0.9430996319053578,
          0.942972405742367,
          0.9435175443467742
        ],
        [
          0.9428611410499709,
          0.9428065911829456,
          0.9430985381891062,
          2.3318735803619925,
          1.2203688456822392,
          0.947280477038416,
          1.4153310103767105,
          1.8946685750625178,
          0.0,
          0.9427191548506738,
          0.9427683114005938,
          0.9430902723190179,
          1.221018841389347,
          0.944023688413814,
          2.7429835741506174,
          0.9427881011767895,
          2.2343464184747823,
          0.9425264992870799,
          2.2434186029198493,
          1.8876800240190785,
          0.943486422273366,
          0.9415890625961382,
          0.9426427894468752,
          0.9459999084973798,
          0.9427192528430542,
          0.9434535627357413,
          1.2312970041044593,
          0.9403423862752748,
          0.9431741078758247,
          0.942949935567895,
          2.231273651445625,
          2.1707669596251575,
          1.3967257400593334,
          0.9431585697449069
        ],
        [
          0.9433105003025837,
          0.9431037366336451,
          0.9435882285706997,
          0.943407761672534,
          0.9435649292657952,
          0.9429710067825696,
          1.4148057614003082,
          0.9429779738885526,
          0.9427191548506738,
          0.0,
          0.943177756330172,
          0.9435787658451872,
          0.9432811998502019,
          0.9440176984351529,
          0.9434619867727639,
          0.9431652659458759,
          0.9431509824584945,
          0.9422038720059221,
          0.9432205425043538,
          0.9431448676802474,
          0.9434094544100617,
          0.94161544626313,
          0.942941452586729,
          0.9430682733444213,
          0.9431339344885163,
          0.9427775666151164,
          0.9433057040533425,
          0.9402906137765286,
          0.9431069464619702,
          0.9433429898495858,
          0.9425926239668908,
          0.9428780201523987,
          0.9430791919671339,
          0.943650310912252
        ],
        [
          0.9433757680810063,
          0.9431617606420694,
          0.943650482713428,
          0.9401357819969511,
          0.9435882178184769,
          0.9430420348057944,
          0.9423421652935223,
          0.9482426627463982,
          0.9427683114005938,
          0.943177756330172,
          0.0,
          0.9436410790111216,
          0.9433451171464026,
          0.9440716774067685,
          0.9434185301352669,
          0.9606133780545862,
          0.9432022973851925,
          1.4207818465742474,
          0.9432838457195193,
          0.943207915571281,
          0.943379608365353,
          1.4063307027622014,
          0.9431103224393241,
          0.9431147557118755,
          0.943190010922018,
          0.942902010291946,
          0.9433648109114656,
          0.9403699921496149,
          0.9431601515875626,
          0.9433977219526616,
          0.9427803754628489,
          0.9429325454978492,
          0.9431234800560632,
          0.9437112039515397
        ],
        [
          1.0985904954136991,
          0.9435436609548299,
          1.267570879205882,
          0.9405323421066656,
          0.9439175474763439,
          0.9442854191016089,
          0.9426957985864846,
          0.943443210445202,
          0.9430902723190179,
          0.9435787658451872,
          0.9436410790111216,
          0.0,
          0.9437614129438741,
          1.1266214491090787,
          0.9438323478997641,
          0.9436316091021104,
          0.9436546756539457,
          0.9425111305418468,
          0.9436936752809619,
          0.94361158713853,
          0.9437558915518764,
          0.9420740642258397,
          0.9434099101654768,
          0.9435162752009112,
          0.9435911159318178,
          0.9431295406981878,
          0.9437573153338081,
          0.9409036570934551,
          0.9435214669923141,
          0.9438882112984451,
          0.9430603040270551,
          0.9433175968212734,
          0.9434830275910895,
          0.9443255784541174
        ],
        [
          0.9434906996102244,
          0.9432610966356529,
          0.943771083587539,
          0.9487153524268689,
          0.9438864412155852,
          0.9431568342152273,
          0.9424911443627706,
          0.9433102346266219,
          1.221018841389347,
          0.9432811998502019,
          0.9433451171464026,
          0.9437614129438741,
          0.0,
          0.9441998161209784,
          0.9461530678672745,
          0.9433334696473339,
          0.943531869047024,
          0.9422949248643879,
          0.9436471762949911,
          0.9434721825322491,
          0.9434682009966512,
          0.9417471660948322,
          0.9431057931493669,
          0.9432179959944073,
          0.9432937780596062,
          0.943125678058682,
          0.9435716643072031,
          0.9403950222929554,
          1.4075870190875288,
          0.9434965230328285,
          0.9431692369537481,
          1.2380652422485372,
          0.9434008618641385,
          0.943831584661596
        ],
        [
          1.3087511673406362,
          0.9440170229851977,
          1.1401518686007712,
          1.2850526863068514,
          0.9444409391663078,
          0.9448274815581648,
          0.9433223846176341,
          0.9438999546950452,
          0.944023688413814,
          0.9440176984351529,
          0.9440716774067685,
          1.1266214491090787,
          0.9441998161209784,
          0.0,
          0.9442606792296626,
          0.9440660780780411,
          1.1430430063296488,
          0.9429332626246443,
          0.9441817914317711,
          0.9440488476724294,
          0.94416825949935,
          0.9427092783113266,
          0.9438687968235183,
          0.943960553414533,
          0.9440271726598584,
          0.9436611118607173,
          0.9442474285996919,
          1.1368371774906638,
          0.9440187006267151,
          1.1474233589897556,
          0.9436298269002473,
          0.9440214813703841,
          0.943983427165908,
          1.2891635687961125
        ],
        [
          0.9435655583826679,
          0.9433290626196656,
          0.9438419408527411,
          0.9410271665289288,
          0.9441553475817384,
          0.9432432224483535,
          1.2530456031397963,
          0.9433963005883239,
          2.7429835741506174,
          0.9434619867727639,
          0.9434185301352669,
          0.9438323478997641,
          0.9461530678672745,
          0.9442606792296626,
          0.0,
          0.9434087107590644,
          0.9437311569658409,
          0.9424953040064729,
          0.9450627391285134,
          0.9435004402171522,
          1.2569338395185101,
          0.9433597283880543,
          0.9432314542102949,
          0.9435159238322511,
          0.9434758516374874,
          0.9430349890343628,
          0.9438534669473585,
          0.9404942441885162,
          0.9433225552231393,
          0.9435599733427183,
          1.176929220458738,
          0.9466179547299384,
          0.943445809772514,
          0.9439004291939198
        ],
        [
          0.9433641489815824,
          0.9431497978062302,
          0.9436410866446274,
          0.9402295196430452,
          1.0257816592967024,
          0.9430270192512242,
          0.942372059046373,
          0.9616536484970684,
          0.9427881011767895,
          0.9431652659458759,
          0.9606133780545862,
          0.9436316091021104,
          0.9433334696473339,
          0.9440660780780411,
          0.9434087107590644,
          0.0,
          0.9431922459538628,
          2.6843628732572906,
          0.9432725330060754,
          0.943195545394533,
          0.9433909731443512,
          1.612448669891723,
          0.9433348812720957,
          0.9431018219678051,
          0.9431775643783483,
          0.943093782706163,
          0.9433539683098663,
          0.9403394860928888,
          0.9431489756283848,
          0.9433885850957239,
          0.9430824592707684,
          0.9429658279711736,
          0.943112013110485,
          0.9437023605015287
        ],
        [
          0.943427652322169,
          0.9432010519165863,
          0.9436665611867527,
          2.321686017032411,
          0.9439979783392032,
          0.9430297807042414,
          0.9427828260316623,
          0.9519847385610677,
          2.2343464184747823,
          0.9431509824584945,
          0.9432022973851925,
          0.9436546756539457,
          0.943531869047024,
          1.1430430063296488,
          0.9437311569658409,
          0.9431922459538628,
          0.0,
          0.9423838368536975,
          1.1885292228592117,
          0.9433022382609152,
          0.9433131598911346,
          0.9418752690851537,
          0.9429961651209617,
          0.9430942109861722,
          0.9431568198605136,
          0.943022751201368,
          0.944009073840505,
          0.9408123808092507,
          0.9432489587928751,
          0.943449166747737,
          0.9431805854929328,
          0.9438767948540604,
          0.9433075886026064,
          0.9437636792968563
        ],
        [
          0.9422929311832203,
          0.9422451059092225,
          0.942518163146983,
          1.410564150648778,
          1.1972497817490755,
          0.9419848985243958,
          0.9417968286060737,
          0.9717278075640944,
          0.9425264992870799,
          0.9422038720059221,
          1.4207818465742474,
          0.9425111305418468,
          0.9422949248643879,
          0.9429332626246443,
          0.9424953040064729,
          2.6843628732572906,
          0.9423838368536975,
          0.0,
          0.9422682029800133,
          0.9422194652728235,
          0.9424154787868052,
          5.630497886712876,
          5.201546122567903,
          0.9421525613402099,
          0.942211099265443,
          1.2229960188621605,
          0.9424195144178961,
          0.940089277619451,
          0.9422986068679132,
          0.9424744197853705,
          2.090143377842349,
          0.9427343490745514,
          0.9422805500078577,
          0.9425777598210101
        ],
        [
          0.943424770876617,
          0.9432023850440291,
          0.9437032506257159,
          0.9408682353117874,
          0.9463490667598672,
          0.9430935817278631,
          0.9424363730835408,
          0.9432578323287886,
          2.2434186029198493,
          0.9432205425043538,
          0.9432838457195193,
          0.9436936752809619,
          0.9436471762949911,
          0.9441817914317711,
          0.9450627391285134,
          0.9432725330060754,
          1.1885292228592117,
          0.9422682029800133,
          0.0,
          0.9433742043230688,
          0.9434066320975283,
          0.9417057137329665,
          0.9430474165818512,
          0.9431621357259562,
          0.9432329438564268,
          0.9428584218542976,
          0.9436485939566935,
          0.9403703282929395,
          0.9432008572049407,
          0.9434403831703109,
          0.9441597159631537,
          0.9466422259097952,
          0.9432309324421649,
          0.943764211734014
        ],
        [
          0.9433429706444125,
          0.9431302475110678,
          0.9436210844781048,
          0.9402385146702692,
          0.9436654972384398,
          0.9430085562429198,
          0.9423132727939199,
          0.9430406417879151,
          1.8876800240190785,
          0.9431448676802474,
          0.943207915571281,
          0.94361158713853,
          0.9434721825322491,
          0.9440488476724294,
          0.9435004402171522,
          0.943195545394533,
          0.9433022382609152,
          0.9422194652728235,
          0.9433742043230688,
          0.0,
          0.9433300190023242,
          0.9416364164369976,
          0.9429710830896287,
          0.943085119463434,
          0.9431572356123297,
          0.9427940927230454,
          0.9434857193573754,
          0.9403090412476868,
          0.9431303215366479,
          0.9433704477849965,
          0.9427258371634035,
          0.943215053771701,
          0.9431064289212675,
          0.9436829752685354
        ],
        [
          0.9434994612178391,
          0.9432781185971463,
          0.9437650692194381,
          0.9405172362600726,
          0.943773252554557,
          0.9431803789643177,
          1.2517624202430697,
          0.9431891143842082,
          0.943486422273366,
          0.9434094544100617,
          0.943379608365353,
          0.9437558915518764,
          0.9434682009966512,
          0.94416825949935,
          1.2569338395185101,
          0.9433909731443512,
          0.9433131598911346,
          0.9424154787868052,
          0.9434066320975283,
          0.9433300190023242,
          0.0,
          1.4150651252719306,
          0.943133855627093,
          0.9434570847910204,
          0.9434229175394736,
          0.9429260535725863,
          0.9434788319478171,
          0.9405586677742039,
          0.9432703297155912,
          0.9435016225483617,
          0.942899445923126,
          0.9430592009658637,
          0.9433308023121386,
          0.943821990062429
        ],
        [
          0.9417431239867734,
          0.9416722658124207,
          0.9420846719903959,
          1.4082230516367553,
          1.1052013109535148,
          0.9412734861761558,
          0.9424958905444081,
          1.3810580001732418,
          0.9415890625961382,
          0.94161544626313,
          1.4063307027622014,
          0.9420740642258397,
          0.9417471660948322,
          0.9427092783113266,
          0.9433597283880543,
          1.612448669891723,
          0.9418752690851537,
          5.630497886712876,
          0.9417057137329665,
          0.9416364164369976,
          1.4150651252719306,
          0.0,
          0.9430987767167456,
          0.9415393496605762,
          0.9416262994240246,
          0.9423634753893094,
          0.9419353590820356,
          0.9384152680889456,
          0.9417486393663408,
          0.9420310138918159,
          0.9459893300829958,
          0.9415440146791237,
          0.9417231230897043,
          0.942175305699453
        ],
        [
          0.9431319108277806,
          0.9429373501547963,
          0.9434196064669433,
          0.9444865036311009,
          0.9434782254786656,
          0.9427736045009022,
          0.9421057627085772,
          0.942865190805824,
          0.9426427894468752,
          0.942941452586729,
          0.9431103224393241,
          0.9434099101654768,
          0.9431057931493669,
          0.9438687968235183,
          0.9432314542102949,
          0.9433348812720957,
          0.9429961651209617,
          5.201546122567903,
          0.9430474165818512,
          0.9429710830896287,
          0.943133855627093,
          0.9430987767167456,
          0.0,
          0.9428759639119382,
          0.9429538951869093,
          0.943611857099718,
          0.9431398265188713,
          0.940051505501741,
          0.9429485913020659,
          0.9431944497054402,
          1.1538717989751466,
          0.9427684722398434,
          0.9429123863829341,
          0.943485470613116
        ],
        [
          0.9432446551177496,
          0.943041126439062,
          0.9435258091084658,
          0.9401684550896924,
          0.9435870018073983,
          0.9428987866462574,
          1.890013278944935,
          0.9429170073768173,
          0.9459999084973798,
          0.9430682733444213,
          0.9431147557118755,
          0.9435162752009112,
          0.9432179959944073,
          0.943960553414533,
          0.9435159238322511,
          0.9431018219678051,
          0.9430942109861722,
          0.9421525613402099,
          0.9431621357259562,
          0.943085119463434,
          0.9434570847910204,
          0.9415393496605762,
          0.9428759639119382,
          0.0,
          0.9430733889881926,
          0.9427199219674003,
          0.9432451036691325,
          0.9402008861907893,
          0.9430458541199095,
          0.9432879563960818,
          0.9425277012260816,
          0.9428132648534754,
          0.943022843806345,
          0.9435892480531426
        ],
        [
          0.9433233028688128,
          0.943113526162934,
          0.9436005690762758,
          0.9401436940453883,
          0.9435704251631852,
          0.9429848539004835,
          1.4151042542080274,
          0.9429903718542176,
          0.9427192528430542,
          0.9431339344885163,
          0.943190010922018,
          0.9435911159318178,
          0.9432937780596062,
          0.9440271726598584,
          0.9434758516374874,
          0.9431775643783483,
          0.9431568198605136,
          0.942211099265443,
          0.9432329438564268,
          0.9431572356123297,
          0.9434229175394736,
          0.9416262994240246,
          0.9429538951869093,
          0.9430733889881926,
          0.0,
          0.9427815403833493,
          0.9433165130473036,
          0.9403021209016975,
          0.9431144496338487,
          0.9433536678889803,
          0.9426037903161999,
          0.9428823430396068,
          0.9430816992609155,
          0.9436624168617869
        ],
        [
          0.9429072320284748,
          0.9427984812133758,
          0.9431371227679163,
          2.6248773895097575,
          0.9436041249449958,
          0.9426255252009109,
          0.9423875316448181,
          0.9426709947489946,
          0.9434535627357413,
          0.9427775666151164,
          0.942902010291946,
          0.9431295406981878,
          0.943125678058682,
          0.9436611118607173,
          0.9430349890343628,
          0.943093782706163,
          0.943022751201368,
          1.2229960188621605,
          0.9428584218542976,
          0.9427940927230454,
          0.9429260535725863,
          0.9423634753893094,
          0.943611857099718,
          0.9427199219674003,
          0.9427815403833493,
          0.0,
          0.9431506447756071,
          0.9405017686218281,
          0.9429054447888391,
          0.9429950637964433,
          1.2334977453121656,
          2.601084650028655,
          0.9428446385728776,
          0.9431918724226687
        ],
        [
          0.9435028185672274,
          0.9433579998412064,
          0.9437664088868456,
          1.175213408680321,
          0.9439338865979398,
          0.9431893882494036,
          0.9427809582452736,
          0.9433348125688473,
          1.2312970041044593,
          0.9433057040533425,
          0.9433648109114656,
          0.9437573153338081,
          0.9435716643072031,
          0.9442474285996919,
          0.9438534669473585,
          0.9433539683098663,
          0.944009073840505,
          0.9424195144178961,
          0.9436485939566935,
          0.9434857193573754,
          0.9434788319478171,
          0.9419353590820356,
          0.9431398265188713,
          0.9432451036691325,
          0.9433165130473036,
          0.9431506447756071,
          0.0,
          0.9406616812089935,
          0.9434155709809334,
          0.9435037273463334,
          0.9431886777313063,
          0.9439339760262405,
          0.943513446249327,
          0.9438229982809772
        ],
        [
          0.9405786688597259,
          0.9404097981100853,
          0.9409223826014602,
          1.4057278156997437,
          0.9409702157080083,
          0.9397754461417264,
          0.9396012337023314,
          0.9401063488213441,
          0.9403423862752748,
          0.9402906137765286,
          0.9403699921496149,
          0.9409036570934551,
          0.9403950222929554,
          1.1368371774906638,
          0.9404942441885162,
          0.9403394860928888,
          0.9408123808092507,
          0.940089277619451,
          0.9403703282929395,
          0.9403090412476868,
          0.9405586677742039,
          0.9384152680889456,
          0.940051505501741,
          0.9402008861907893,
          0.9403021209016975,
          0.9405017686218281,
          0.9406616812089935,
          0.0,
          0.9405517880296876,
          2.396016606122482,
          0.9396420890270957,
          0.9402063298236824,
          0.9405281107043248,
          1.0287716461189695
        ],
        [
          0.9432787276077881,
          0.9431032831371455,
          0.9435300114999687,
          1.8769155495933014,
          0.9443052303979977,
          0.9429760464962591,
          0.9425097323529487,
          0.9429834365336587,
          0.9431741078758247,
          0.9431069464619702,
          0.9431601515875626,
          0.9435214669923141,
          1.4075870190875288,
          0.9440187006267151,
          0.9433225552231393,
          0.9431489756283848,
          0.9432489587928751,
          0.9422986068679132,
          0.9432008572049407,
          0.9431303215366479,
          0.9432703297155912,
          0.9417486393663408,
          0.9429485913020659,
          0.9430458541199095,
          0.9431144496338487,
          0.9429054447888391,
          0.9434155709809334,
          0.9405517880296876,
          0.0,
          0.9433116177166015,
          0.9428612558451204,
          1.4202501126108595,
          0.9430996068262052,
          0.9435866097656749
        ],
        [
          0.943726246133443,
          0.9433213751629627,
          0.9439030112530972,
          0.9407845942795041,
          0.9436504193757929,
          0.9432424031480112,
          0.9425921054847989,
          0.9432242541220458,
          0.942949935567895,
          0.9433429898495858,
          0.9433977219526616,
          0.9438882112984451,
          0.9434965230328285,
          1.1474233589897556,
          0.9435599733427183,
          0.9433885850957239,
          0.943449166747737,
          0.9424744197853705,
          0.9434403831703109,
          0.9433704477849965,
          0.9435016225483617,
          0.9420310138918159,
          0.9431944497054402,
          0.9432879563960818,
          0.9433536678889803,
          0.9429950637964433,
          0.9435037273463334,
          2.396016606122482,
          0.9433116177166015,
          0.0,
          0.9428901363564149,
          0.9431269803421086,
          0.9432781089248368,
          1.0333344237251905
        ],
        [
          0.9427659066954177,
          0.942665370032964,
          0.9430702937403734,
          1.2094776419692734,
          0.9436955715476532,
          0.9423842156617712,
          0.9420713686307087,
          0.9426380268332176,
          2.231273651445625,
          0.9425926239668908,
          0.9427803754628489,
          0.9430603040270551,
          0.9431692369537481,
          0.9436298269002473,
          1.176929220458738,
          0.9430824592707684,
          0.9431805854929328,
          2.090143377842349,
          0.9441597159631537,
          0.9427258371634035,
          0.942899445923126,
          0.9459893300829958,
          1.1538717989751466,
          0.9425277012260816,
          0.9426037903161999,
          1.2334977453121656,
          0.9431886777313063,
          0.9396420890270957,
          0.9428612558451204,
          0.9428901363564149,
          0.0,
          1.2212589978067483,
          0.9428934674676225,
          0.9431417725015836
        ],
        [
          0.9430640993272994,
          0.9429575726472263,
          0.943326940073055,
          2.793632272385559,
          1.235052844025991,
          0.9481017568178566,
          0.9428915023006866,
          0.9430996319053578,
          2.1707669596251575,
          0.9428780201523987,
          0.9429325454978492,
          0.9433175968212734,
          1.2380652422485372,
          0.9440214813703841,
          0.9466179547299384,
          0.9429658279711736,
          0.9438767948540604,
          0.9427343490745514,
          0.9466422259097952,
          0.943215053771701,
          0.9430592009658637,
          0.9415440146791237,
          0.9427684722398434,
          0.9428132648534754,
          0.9428823430396068,
          2.601084650028655,
          0.9439339760262405,
          0.9402063298236824,
          1.4202501126108595,
          0.9431269803421086,
          1.2212589978067483,
          0.0,
          1.399335538919177,
          0.9433907639380681
        ],
        [
          0.9433152423354938,
          0.943073051300206,
          0.9434915645225377,
          1.8797535900236308,
          0.9438991587782953,
          1.9033793135585828,
          1.4154871894403696,
          0.942972405742367,
          1.3967257400593334,
          0.9430791919671339,
          0.9431234800560632,
          0.9434830275910895,
          0.9434008618641385,
          0.943983427165908,
          0.943445809772514,
          0.943112013110485,
          0.9433075886026064,
          0.9422805500078577,
          0.9432309324421649,
          0.9431064289212675,
          0.9433308023121386,
          0.9417231230897043,
          0.9429123863829341,
          0.943022843806345,
          0.9430816992609155,
          0.9428446385728776,
          0.943513446249327,
          0.9405281107043248,
          0.9430996068262052,
          0.9432781089248368,
          0.9428934674676225,
          1.399335538919177,
          0.0,
          0.9435468024660567
        ],
        [
          0.9441475830341423,
          0.9436123049881028,
          0.9443435838373853,
          0.94085706384681,
          0.9439773978478944,
          0.9435703091438266,
          0.9427768497619523,
          0.9435175443467742,
          0.9431585697449069,
          0.943650310912252,
          0.9437112039515397,
          0.9443255784541174,
          0.943831584661596,
          1.2891635687961125,
          0.9439004291939198,
          0.9437023605015287,
          0.9437636792968563,
          0.9425777598210101,
          0.943764211734014,
          0.9436829752685354,
          0.943821990062429,
          0.942175305699453,
          0.943485470613116,
          0.9435892480531426,
          0.9436624168617869,
          0.9431918724226687,
          0.9438229982809772,
          1.0287716461189695,
          0.9435866097656749,
          1.0333344237251905,
          0.9431417725015836,
          0.9433907639380681,
          0.9435468024660567,
          0.0
        ]
      ]
    },
    "region": {
      "alphabet": [
        "africa",
        "china",
        "japan_korea",
        "north_america",
        "oceania",
        "south_america",
        "southeast_asia",
        "?"
      ],
      "equilibrium_probabilities": [
        0.1347824853170144,
        0.19062632323437437,
        0.12901612909476962,
        0.15565663539462632,
        0.15126392005626169,
        0.059869146222507504,
        0.17878536068044615
      ],
      "rate": 20.946205250149028,
      "transition_matrix": [
        [
          0.0,
          0.7549397239346662,
          0.7556703410460949,
          0.7284415415515155,
          0.7531171988863942,
          1.1070223528589582,
          0.7428255365517686
        ],
        [
          0.7549397239346662,
          0.0,
          0.7552120803860388,
          0.7353944897845446,
          2.7160163608523673,
          1.4433918395844407,
          0.7371870705180241
        ],
        [
          0.7556703410460949,
          0.7552120803860388,
          0.0,
          1.461115793126372,
          0.7534262236163275,
          0.7379783808998678,
          0.7435875537212966
        ],
        [
          0.7284415415515155,
          0.7353944897845446,
          1.461115793126372,
          0.0,
          0.7950552420071978,
          9.985861862818528,
          0.7066498566677468
        ],
        [
          0.7531171988863942,
          2.7160163608523673,
          0.7534262236163275,
          0.7950552420071978,
          0.0,
          1.0353878661525704,
          1.120930395568065
        ],
        [
          1.1070223528589582,
          1.4433918395844407,
          0.7379783808998678,
          9.985861862818528,
          1.0353878661525704,
          0.0,
          1.0887039124977937
        ],
        [
          0.7428255365517686,
          0.7371870705180241,
          0.7435875537212966,
          0.7066498566677468,
          1.120930395568065,
          1.0887039124977937,
          0.0
        ]
      ]
    }
  },
  "nodes": {
    "1_0015_PF": {
      "country": "french_polynesia",
      "country_confidence": {
        "french_polynesia": 1.0
      },
      "country_entropy": -1.000088900581841e-12,
      "region": "oceania",
      "region_confidence": {
        "oceania": 0.9999999999999999
      },
      "region_entropy": -9.99866855976916e-13
    },
    "1_0016_PF": {
      "country": "french_polynesia",
      "country_confidence": {
        "french_polynesia": 1.0
      },
      "country_entropy": -1.000088900581841e-12,
      "region": "oceania",
      "region_confidence": {
        "oceania": 1.0
      },
      "region_entropy": -1.000088900581841e-12
    },
    "1_0030_PF": {
      "country": "french_polynesia",
      "country_confidence": {
        "french_polynesia": 1.0
      },
      "country_entropy": -1.000088900581841e-12,
      "region": "oceania",
      "region_confidence": {
        "oceania": 1.0
      },
      "region_entropy": -1.000088900581841e-12
    },
    "1_0035_PF": {
      "country": "french_polynesia",
      "country_confidence": {
        "french_polynesia": 1.0
      },
      "country_entropy": -1.000088900581841e-12,
      "region": "oceania",
      "region_confidence": {
        "oceania": 1.0
      },
      "region_entropy": -1.000088900581841e-12
    },
    "1_0038_PF": {
