Map from character to field name
A:	africa
B:	china
C:	japan_korea
D:	north_america
E:	oceania
F:	south_america
G:	southeast_asia
H:	?


Substitution rate (mu): 20.946205

Equilibrium frequencies (pi_i):
  A: 0.1348
  B: 0.1906
  C: 0.129
  D: 0.1557
  E: 0.1513
  F: 0.0599
  G: 0.1788

Symmetrized rates from j->i (W_ij):
	A	B	C	D	E	F	G
  A	0	0.7549	0.7557	0.7284	0.7531	1.107	0.7428
  B	0.7549	0	0.7552	0.7354	2.716	1.4434	0.7372
  C	0.7557	0.7552	0	1.4611	0.7534	0.738	0.7436
  D	0.7284	0.7354	1.4611	0	0.7951	9.9859	0.7066
  E	0.7531	2.716	0.7534	0.7951	0	1.0354	1.1209
  F	1.107	1.4434	0.738	9.9859	1.0354	0	1.0887
  G	0.7428	0.7372	0.7436	0.7066	1.1209	1.0887	0

Actual rates from j->i (Q_ij):
	A	B	C	D	E	F	G
  A	0	0.1018	0.1019	0.0982	0.1015	0.1492	0.1001
  B	0.1439	0	0.144	0.1402	0.5177	0.2751	0.1405
  C	0.0975	0.0974	0	0.1885	0.0972	0.0952	0.0959
  D	0.1134	0.1145	0.2274	0	0.1238	1.5544	0.11
  E	0.1139	0.4108	0.114	0.1203	0	0.1566	0.1696
  F	0.0663	0.0864	0.0442	0.5978	0.062	0	0.0652
  G	0.1328	0.1318	0.1329	0.1263	0.2004	0.1946	0
