{
  "generated_by": {
    "program": "augur",
    "version": "10.0.2"
  },
  "models": {
    "country": {
      "alphabet": [
        "Australia",
        "Bahrain",
        "Belgium",
        "Brazil",
        "Canada",
        "Chad",
        "Chile",
        "China",
        "Germany",
        "Guam",
        "India",
        "Iran",
        "Italy",
        "Japan",
        "Russia",
        "South Korea",
        "Spain",
        "Turkey",
        "USA",
        "United Kingdom",
        "?"
      ],
      "equilibrium_probabilities": [
        0.01238142338137002,
        0.07271885255383721,
        0.059750266134608036,
        0.06910963119511467,
        0.05324164045708949,
        0.06899723360914828,
        0.05413980388558235,
        0.04951632368556555,
        0.033531848681943095,
        0.04328466628015386,
        0.030938902483155464,
        0.0712784863737811,
        0.030283493121540123,
        0.03418341907539821,
        0.04974606997202204,
        0.04396843936760944,
        0.06859482671044649,
        0.07127848637378117,
        0.041856663988201405,
        0.04119952266965192
      ],
      "rate": 89.48702636519042,
      "transition_matrix": [
        [
          0.0,
          0.9239947953349461,
          0.8803022876964538,
          1.2780906823358276,
          1.5416039055901694,
          1.225361918545016,
          1.201716823507681,
          1.882274257504484,
          2.2839569676760147,
          0.9766362731687238,
          2.8735708476371196,
          1.0627946915582807,
          2.3700025264333844,
          1.4205173764508265,
          1.3644252639867027,
          0.9573737031968989,
          0.8616296059614185,
          1.062794691558284,
          22.431024331004753,
          1.2012284890847076
        ],
        [
          0.9239947953349461,
          0.0,
          0.8647739050980597,
          0.8642941941554033,
          0.8642223909744137,
          0.8646858939303093,
          0.8642809619415558,
          0.8717076405266408,
          1.1903458862987975,
          0.8641993510529483,
          0.8887306844966086,
          0.8649014243532671,
          0.8637315302932086,
          0.8640755894549854,
          0.8640272665105533,
          0.864286951358543,
          0.86429033758629,
          0.8649014243532671,
          0.8892369364594291,
          0.8648491279401188
        ],
        [
          0.8803022876964538,
          0.8647739050980597,
          0.0,
          0.8645438894246757,
          0.8645321151585216,
          0.8651079861417871,
          0.864591493222936,
          0.8646538701307752,
          1.0233402440267736,
          0.8645910339016261,
          0.8638134684311692,
          0.8651563149204855,
          1.3362058739053082,
          0.8648257901071352,
          0.8650497088760785,
          0.8647506620969952,
          0.8739692500062178,
          0.8651563149204855,
          1.7681255814528343,
          1.1581327030199495
        ],
        [
          1.2780906823358276,
          0.8642941941554033,
          0.8645438894246757,
          0.0,
          0.8641631206968036,
          0.8648010897858527,
          0.8642499309681443,
          0.8640220527812786,
          0.8641771056270995,
          0.8641621708376851,
          0.8630035131292382,
          0.8648382743637283,
          0.863570686879381,
          0.864069079772749,
          0.8638103815884947,
          0.864212752048822,
          0.864226632570314,
          0.8648382743637281,
          0.8638740400375771,
          0.8645917708079548
        ],
        [
          1.5416039055901694,
          0.8642223909744137,
          0.8645321151585216,
          0.8641631206968036,
          0.0,
          0.8650148712037761,
          0.8643190109578426,
          0.864204141561731,
          0.864575869629274,
          0.8642541142464212,
          0.8635860271829296,
          0.8647688850692068,
          0.8640747428576514,
          0.8643613920607172,
          0.8639799906218335,
          0.8643841112761901,
          0.8642063384483621,
          0.8647688850692068,
          1.9028775393764517,
          0.8648009187770023
        ],
        [
          1.225361918545016,
          0.8646858939303093,
          0.8651079861417871,
          0.8648010897858527,
          0.8650148712037761,
          0.0,
          0.8648802813533054,
          0.8654499100212926,
          0.8669035163550288,
          0.8650405145082403,
          0.8654482492092797,
          0.8652259925624645,
          0.8664650044611353,
          0.8657548010145145,
          0.8646704588054127,
          0.8651223354966714,
          0.8647500414252663,
          0.8652259925624645,
          0.9034009851409938,
          0.8658438163271464
        ],
        [
          1.201716823507681,
          0.8642809619415558,
          0.864591493222936,
          0.8642499309681443,
          0.8643190109578426,
          0.8648802813533054,
          0.0,
          0.8644181635768424,
          0.8652852388588996,
          0.8643689281961253,
          0.9996471188873929,
          0.8647907087841022,
          0.8645628392709892,
          0.8646190027607551,
          0.8640929340242555,
          0.8645856621141058,
          0.8642650974559292,
          0.8647907087841022,
          1.720971888394197,
          0.864940604138571
        ],
        [
          1.882274257504484,
          0.8717076405266408,
          0.8646538701307752,
          0.8640220527812786,
          0.864204141561731,
          0.8654499100212926,
          0.8644181635768424,
          0.0,
          1.2611731775129533,
          0.8643904645258039,
          0.887930762692135,
          0.8648665099723443,
          0.8649499180964856,
          0.8649467427650809,
          0.864269222723094,
          0.8646186626107467,
          0.8641049666427342,
          0.8648665099723443,
          2.498323206803467,
          0.8654745016537846
        ],
        [
          2.2839569676760147,
          1.1903458862987975,
          1.0233402440267736,
          0.8641771056270995,
          0.864575869629274,
          0.8669035163550288,
          0.8652852388588996,
          1.2611731775129533,
          0.0,
          0.8665977338748652,
          1.0980114055137253,
          0.8913513589842808,
          1.0450483036006502,
          0.882662385904046,
          1.7175734928298796,
          0.9266605801550317,
          0.8883098527236116,
          0.8913513589842804,
          6.743654534965536,
          1.3032356324656085
        ],
        [
          0.9766362731687238,
          0.8641993510529483,
          0.8645910339016261,
          0.8641621708376851,
          0.8642541142464212,
          0.8650405145082403,
          0.8643689281961253,
          0.8643904645258039,
          0.8665977338748652,
          0.0,
          0.8640143396326151,
          0.8646550522510413,
          0.8646685796924335,
          0.8967185188446286,
          0.8641639946496159,
          0.8645978315798643,
          0.8642674669551388,
          0.8646550522510413,
          3.3382290710602502,
          0.865018461381604
        ],
        [
          2.8735708476371196,
          0.8887306844966086,
          0.8638134684311692,
          0.8630035131292382,
          0.8635860271829296,
          0.8654482492092797,
          0.9996471188873929,
          0.887930762692135,
          1.0980114055137253,
          0.8640143396326151,
          0.0,
          0.8638506969977335,
          0.9100901622174035,
          0.8820935007403754,
          0.8639647713057228,
          1.0279012971619115,
          0.8631499533684748,
          0.8638506969977335,
          5.121470570368638,
          0.8654313813665724
        ],
        [
          1.0627946915582807,
          0.8649014243532671,
          0.8651563149204855,
          0.8648382743637283,
          0.8647688850692068,
          0.8652259925624645,
          0.8647907087841022,
          0.8648665099723443,
          0.8913513589842808,
          0.8646550522510413,
          0.8638506969977335,
          0.0,
          0.8645149460852114,
          0.8647440910669631,
          0.8650747794319368,
          0.8647472503720457,
          0.8647890270685411,
          1.1899256689720628,
          0.8911147609850804,
          0.8660050994694943
        ],
        [
          2.3700025264333844,
          0.8637315302932086,
          1.3362058739053082,
          0.863570686879381,
          0.8640747428576514,
          0.8664650044611353,
          0.8645628392709892,
          0.8649499180964856,
          1.0450483036006502,
          0.8646685796924335,
          0.9100901622174035,
          0.8645149460852114,
          0.0,
          0.905464656350293,
          1.1785172649941567,
          0.8655931214827179,
          1.3036919213606455,
          0.8645149460852114,
          8.25524207988563,
          1.4963664977731028
        ],
        [
          1.4205173764508265,
          0.8640755894549854,
          0.8648257901071352,
          0.864069079772749,
          0.8643613920607172,
          0.8657548010145145,
          0.8646190027607551,
          0.8649467427650809,
          0.882662385904046,
          0.8967185188446286,
          0.8820935007403754,
          0.8647440910669631,
          0.905464656350293,
          0.0,
          0.8705401512794673,
          0.865060505490704,
          0.8642632800885937,
          0.8647440910669631,
          5.567868549674677,
          1.068498940883902
        ],
        [
          1.3644252639867027,
          0.8640272665105533,
          0.8650497088760785,
          0.8638103815884947,
          0.8639799906218335,
          0.8646704588054127,
          0.8640929340242555,
          0.864269222723094,
          1.7175734928298796,
          0.8641639946496159,
          0.8639647713057228,
          0.8650747794319368,
          1.1785172649941567,
          0.8705401512794673,
          0.0,
          1.1237219618987992,
          1.6158364330789596,
          0.8650747794319368,
          2.2365386156536817,
          1.2749454805011702
        ],
        [
          0.9573737031968989,
          0.864286951358543,
          0.8647506620969952,
          0.864212752048822,
          0.8643841112761901,
          0.8651223354966714,
          0.8645856621141058,
          0.8646186626107467,
          0.9266605801550317,
          0.8645978315798643,
          1.0279012971619115,
          0.8647472503720457,
          0.8655931214827179,
          0.865060505490704,
          1.1237219618987992,
          0.0,
          0.8644880684868308,
          0.8647472503720458,
          3.4415575227924657,
          0.8969728947795944
        ],
        [
          0.8616296059614185,
          0.86429033758629,
          0.8739692500062178,
          0.864226632570314,
          0.8642063384483621,
          0.8647500414252663,
          0.8642650974559292,
          0.8641049666427342,
          0.8883098527236116,
          0.8642674669551388,
          0.8631499533684748,
          0.8647890270685411,
          1.3036919213606455,
          0.8642632800885937,
          1.6158364330789596,
          0.8644880684868308,
          0.0,
          0.8647890270685411,
          1.3597132326663544,
          0.8653026974816928
        ],
        [
          1.062794691558284,
          0.8649014243532671,
          0.8651563149204855,
          0.8648382743637281,
          0.8647688850692068,
          0.8652259925624645,
          0.8647907087841022,
          0.8648665099723443,
          0.8913513589842804,
          0.8646550522510413,
          0.8638506969977335,
          1.1899256689720628,
          0.8645149460852114,
          0.8647440910669631,
          0.8650747794319368,
          0.8647472503720458,
          0.8647890270685411,
          0.0,
          0.8911147609850801,
          0.8660050994694939
        ],
        [
          22.431024331004753,
          0.8892369364594291,
          1.7681255814528343,
          0.8638740400375771,
          1.9028775393764517,
          0.9034009851409938,
          1.720971888394197,
          2.498323206803467,
          6.743654534965536,
          3.3382290710602502,
          5.121470570368638,
          0.8911147609850804,
          8.25524207988563,
          5.567868549674677,
          2.2365386156536817,
          3.4415575227924657,
          1.3597132326663544,
          0.8911147609850801,
          0.0,
          4.795179767047799
        ],
        [
          1.2012284890847076,
          0.8648491279401188,
          1.1581327030199495,
          0.8645917708079548,
          0.8648009187770023,
          0.8658438163271464,
          0.864940604138571,
          0.8654745016537846,
          1.3032356324656085,
          0.865018461381604,
          0.8654313813665724,
          0.8660050994694943,
          1.4963664977731028,
          1.068498940883902,
          1.2749454805011702,
          0.8969728947795944,
          0.8653026974816928,
          0.8660050994694939,
          4.795179767047799,
          0.0
        ]
      ]
    },
    "region": {
      "alphabet": [
        "N",
        "S",
        "T",
        "?"
      ],
      "equilibrium_probabilities": [
        0.5801137453964194,
        0.16423360611330803,
        0.25565264849027264
      ],
      "rate": 99.06072671738684,
      "transition_matrix": [
        [
          0.0,
          3.4260802507304646,
          1.0757164539681083
        ],
        [
          3.4260802507304646,
          0.0,
          0.3345363801396681
        ],
        [
          1.0757164539681083,
          0.3345363801396681,
          0.0
        ]
      ]
    }
  },
  "nodes": {
    "A/Alabama/23/2019": {
      "country": "USA",
      "country_confidence": {
        "USA": 0.9999999999999999
      },
      "country_entropy": -9.99866855976916e-13,
      "region": "N",
      "region_confidence": {
        "N": 1.0
      },
      "region_entropy": -1.000088900581841e-12
    },
    "A/Alaska/35/2019": {
      "country": "USA",
      "country_confidence": {
        "USA": 1.0
      },
      "country_entropy": -1.000088900581841e-12,
      "region": "N",
      "region_confidence": {
        "N": 1.0
      },
      "region_entropy": -1.000088900581841e-12
    },
    "A/Alaska/38/2019": {
      "country": "USA",
      "country_confidence": {
        "USA": 0.9999999999999999
      },
      "country_entropy": -9.99866855976916e-13,
      "region": "N",
      "region_confidence": {
        "N": 0.9999999999999999
      },
      "region_entropy": -9.99866855976916e-13
    },
    "A/Alaska/43/2018": {
      "country": "USA",
      "country_confidence": {
        "USA": 1.0
      },
      "country_entropy": -1.000088900581841e-12,
      "region": "N",
      "region_confidence": {
        "N": 1.0
      },
      "region_entropy": -1.000088900581841e-12
    },
    "A/Alaska/46/2018": {
      "country": "USA",
      "country_confidence": {
        "USA": 1.0
      },
      "country_entropy": -1.000088900581841e-12,
      "region": "N",
      "region_confidence": {
        "N": 1.0
      },
      "region_entropy": -1.000088900581841e-12
    },
    "A/Alaska/47/2018": {
      "country": "USA",
      "country_confidence": {
        "USA": 1.0
      },
      "country_entropy": -1.000088900581841e-12,
      "region": "N",
      "region_confidence": {
        "N": 0.9999999999999999
      },
      "region_entropy": -9.99866855976916e-13
    },
    "A/Alaska/52/2018": {
      "country": "USA",
      "country_confidence": {
        "USA": 1.0
      },
      "country_entropy": -1.000088900581841e-12,
      "region": "N",
      "region_confidence": {
        "N": 1.0
      },
      "region_entropy": -1.000088900581841e-12
    },
    "A/Alaska/7957/2019": {
      "country": "USA",
      "country_confidence": {
        "USA": 1.0
      },
      "country_entropy": -1.000088900581841e-12,
      "region": "N",
      "region_confidence": {
        "N": 1.0
      },
      "region_entropy": -1.000088900581841e-12
    },
    "A/Alberta/061/2018": {
      "country": "Canada",
      "country_confidence": {
        "Canada": 1.0
      },
      "country_entropy": -1.000088900581841e-12,
      "region": "N",
      "region_confidence": {
        "N": 1.0
      },
      "region_entropy": -1.000088900581841e-12
    },
    "A/Arizona/16/2019": {
      "country": "USA",
      "country_confidence": {
        "USA": 1.0
      },
      "country_entropy": -1.000088900581841e-12,
      "region": "N",
      "region_confidence": {
        "N": 0.9999999999999999
      },
      "region_entropy": -9.99866855976916e-13
    },
    "A/Arizona/28/2019": {
      "country": "USA",
      "country_confidence": {
        "USA": 1.0
      },
      "country_entropy": -1.000088900581841e-12,
      "region": "N",
      "region_confidence": {
        "N": 1.0
      },
      "region_entropy": -1.000088900581841e-12
    },
    "A/Arizona/31/2019": {
      "country": "USA",
      "country_confidence": {
        "USA": 1.0
      },
      "country_entropy": -1.000088900581841e-12,
      "region": "N",
      "region_confidence": {
        "N": 1.0
      },
      "region_entropy": -1.000088900581841e-12
    },
    "A/Arizona/37/2018": {
      "country": "USA",
      "country_confidence": {
        "USA": 1.0
      },
      "country_entropy": -1.000088900581841e-12,
      "region": "N",
      "region_confidence": {
        "N": 1.0
      },
      "region_entropy": -1.000088900581841e-12
    },
    "A/Arizona/39/2019": {
      "country": "USA",
      "country_confidence": {
        "USA": 1.0
      },
      "country_entropy": -1.000088900581841e-12,
      "region": "N",
      "region_confidence": {
        "N": 1.0
      },
      "region_entropy": -1.000088900581841e-12
    },
    "A/Bahrain/NHRC-OID_ESX0121A/2018": {
      "country": "Bahrain",
      "country_confidence": {
        "Bahrain": 1.0
      },
      "country_entropy": -1.000088900581841e-12,
      "region": "N",
      "region_confidence": {
        "N": 1.0
      },
      "region_entropy": -1.000088900581841e-12
    },
    "A/Bahrain/NHRC-OID_ESX0123/2018": {
      "country": "Bahrain",
      "country_confidence": {
        "Bahrain": 1.0
      },
      "country_entropy": -1.000088900581841e-12,
      "region": "N",
      "region_confidence": {
        "N": 1.0
      },
      "region_entropy": -1.000088900581841e-12
    },
    "A/Belgium/8725/2019": {
      "country": "Belgium",
      "country_confidence": {
        "Belgium": 1.0
      },
      "country_entropy": -1.000088900581841e-12,
      "region": "N",
      "region_confidence": {
        "N": 1.0
      },
      "region_entropy": -1.000088900581841e-12
    },
    "A/Belgium/8876/2019": {
      "country": "Belgium",
      "country_confidence": {
        "Belgium": 1.0
      },
      "country_entropy": -1.000088900581841e-12,
      "region": "N",
      "region_confidence": {
        "N": 1.0
      },
      "region_entropy": -1.000088900581841e-12
    },
    "A/Belgium/8877/2019": {
      "country": "Belgium",
      "country_confidence": {
        "Belgium": 1.0
      },
      "country_entropy": -1.000088900581841e-12,
      "region": "N",
      "region_confidence": {
        "N": 1.0
      },
      "region_entropy": -1.000088900581841e-12
    },
    "A/Belgium/9021/2019": {
      "country": "Belgium",
      "country_confidence": {
        "Belgium": 1.0
      },
      "country_entropy": -1.000088900581841e-12,
      "region": "N",
      "region_confidence": {
        "N": 1.0
      },
      "region_entropy": -1.000088900581841e-12
    },
    "A/Brisbane/1002/2018": {
      "country": "Australia",
      "country_confidence": {
        "Australia": 0.9999999999999999
      },
      "country_entropy": -9.99866855976916e-13,
      "region": "S",
      "region_confidence": {
        "S": 0.9999999999999999
      },
      "region_entropy": -9.99866855976916e-13
    },
    "A/Brisbane/101/2018": {
      "country": "Australia",
      "country_confidence": {
        "Australia": 1.0
      },
      "country_entropy": -1.000088900581841e-12,
      "region": "S",
      "region_confidence": {
        "S": 1.0
      },
      "region_entropy": -1.000088900581841e-12
    },
    "A/Brisbane/112/2018": {
      "country": "Australia",
      "country_confidence": {
        "Australia": 0.9999999999999999
      },
      "country_entropy": -9.99866855976916e-13,
      "region": "S",
      "region_confidence": {
        "S": 0.9999999999999999
      },
      "region_entropy": -9.99866855976916e-13
    },
    "A/Brisbane/115/2018": {
      "country": "Australia",
      "country_confidence": {
        "Australia": 0.9999999999999999
      },
      "country_entropy": -9.99866855976916e-13,
      "region": "S",
      "region_confidence": {
        "S": 1.0
      },
      "region_entropy": -1.000088900581841e-12
    },
    "A/Brisbane/138/2018": {
      "country": "Australia",
      "country_confidence": {
        "Australia": 1.0
      },
      "country_entropy": -1.000088900581841e-12,
      "region": "S",
      "region_confidence": {
        "S": 1.0
      },
      "region_entropy": -1.000088900581841e-12
    },
    "A/Brisbane/142/2018": {
      "country": "Australia",
      "country_confidence": {
        "Australia": 1.0
      },
      "country_entropy": -1.000088900581841e-12,
      "region": "S",
      "region_confidence": {
        "S": 1.0
      },
      "region_entropy": -1.000088900581841e-12
    },
    "A/Brisbane/161/2018": {
      "country": "Australia",
      "country_confidence": {
        "Australia": 1.0
      },
      "country_entropy": -1.000088900581841e-12,
      "region": "S",
      "region_confidence": {
        "S": 0.9999999999999999
      },
      "region_entropy": -9.99866855976916e-13
    },
    "A/Brisbane/40/2018": {
      "country": "Australia",
      "country_confidence": {
        "Australia": 1.0
      },
      "country_entropy": -1.000088900581841e-12,
      "region": "S",
      "region_confidence": {
        "S": 1.0
      },
      "region_entropy": -1.000088900581841e-12
    },
    "A/Brisbane/43/2018": {
      "country": "Australia",
      "country_confidence": {
        "Australia": 1.0
      },
      "country_entropy": -1.000088900581841e-12,
      "region": "S",
      "region_confidence": {
        "S": 1.0
      },
      "region_entropy": -1.000088900581841e-12
    },
    "A/Brisbane/54/2018": {
      "country": "Australia",
      "country_confidence": {
        "Australia": 1.0
      },
      "country_entropy": -1.000088900581841e-12,
      "region": "S",
      "region_confidence": {
        "S": 1.0
      },
      "region_entropy": -1.000088900581841e-12
    },
    "A/Brisbane/55/2018": {
      "country": "Australia",
      "country_confidence": {
        "Australia": 1.0
      },
      "country_entropy": -1.000088900581841e-12,
      "region": "S",
      "region_confidence": {
        "S": 1.0
      },
      "region_entropy": -1.000088900581841e-12
    },
    "A/Brisbane/57/2018": {
      "country": "Australia",
      "country_confidence": {
        "Australia": 1.0
      },
      "country_entropy": -1.000088900581841e-12,
      "region": "S",
      "region_confidence": {
        "S": 1.0
      },
      "region_entropy": -1.000088900581841e-12
    },
    "A/Brisbane/64/2018": {
      "country": "Australia",
      "country_confidence": {
        "Australia": 1.0
      },
      "country_entropy": -1.000088900581841e-12,
      "region": "S",
      "region_confidence": {
        "S": 1.0
      },
      "region_entropy": -1.000088900581841e-12
    },
    "A/Brisbane/67/2018": {
      "country": "Australia",
      "country_confidence": {
        "Australia": 1.0
      },
      "country_entropy": -1.000088900581841e-12,
      "region": "S",
      "region_confidence": {
        "S": 1.0
      },
      "region_entropy": -1.000088900581841e-12
    },
    "A/Brisbane/73/2018": {
      "country": "Australia",
      "country_confidence": {
        "Australia": 1.0
      },
      "country_entropy": -1.000088900581841e-12,
      "region": "S",
      "region_confidence": {
        "S": 1.0
      },
      "region_entropy": -1.000088900581841e-12
    },
    "A/Brisbane/89/2018": {
      "country": "Australia",
      "country_confidence": {
        "Australia": 1.0
      },
      "country_entropy": -1.000088900581841e-12,
      "region": "S",
      "region_confidence": {
        "S": 1.0
      },
      "region_entropy": -1.000088900581841e-12
    },
    "A/California/138/2019": {
      "country": "USA",
      "country_confidence": {
        "USA": 1.0
      },
      "country_entropy": -1.000088900581841e-12,
      "region": "N",
      "region_confidence": {
        "N": 1.0
      },
      "region_entropy": -1.000088900581841e-12
    },
    "A/California/145/2019": {
      "country": "USA",
      "country_confidence": {
        "USA": 1.0
      },
      "country_entropy": -1.000088900581841e-12,
      "region": "N",
      "region_confidence": {
        "N": 1.0
      },
      "region_entropy": -1.000088900581841e-12
    },
    "A/California/166/2019": {
      "country": "USA",
      "country_confidence": {
        "USA": 1.0
      },
      "country_entropy": -1.000088900581841e-12,
      "region": "N",
      "region_confidence": {
        "N": 0.9999999999999999
      },
      "region_entropy": -9.99866855976916e-13
    },
    "A/California/177/2019": {
      "country": "USA",
      "country_confidence": {
        "USA": 1.0
      },
      "country_entropy": -1.000088900581841e-12,
      "region": "N",
      "region_confidence": {
        "N": 1.0
      },
      "region_entropy": -1.000088900581841e-12
    },
    "A/California/191/2019": {
      "country": "USA",
      "country_confidence": {
        "USA": 1.0
      },
      "country_entropy": -1.000088900581841e-12,
      "region": "N",
      "region_confidence": {
        "N": 1.0
      },
      "region_entropy": -1.000088900581841e-12
    },
    "A/California/218/2019": {
      "country": "USA",
      "country_confidence": {
        "USA": 1.0
      },
      "country_entropy": -1.000088900581841e-12,
      "region": "N",
      "region_confidence": {
        "N": 0.9999999999999999
      },
      "region_entropy": -9.99866855976916e-13
    },
    "A/California/54/2019": {
      "country": "USA",
      "country_confidence": {
        "USA": 1.0
      },
      "country_entropy": -1.000088900581841e-12,
      "region": "N",
      "region_confidence": {
        "N": 1.0
      },
      "region_entropy": -1.000088900581841e-12
    },
    "A/California/71/2018": {
      "country": "USA",
      "country_confidence": {
        "USA": 1.0
      },
      "country_entropy": -1.000088900581841e-12,
      "region": "N",
      "region_confidence": {
        "N": 1.0
      },
      "region_entropy": -1.000088900581841e-12
    },
    "A/California/7330/2018": {
      "country": "USA",
      "country_confidence": {
        "USA": 1.0
      },
      "country_entropy": -1.000088900581841e-12,
      "region": "N",
      "region_confidence": {
        "N": 1.0
      },
      "region_entropy": -1.000088900581841e-12
    },
    "A/California/77/2018": {
      "country": "USA",
      "country_confidence": {
        "USA": 1.0
      },
      "country_entropy": -1.000088900581841e-12,
      "region": "N",
      "region_confidence": {
        "N": 1.0
      },
      "region_entropy": -1.000088900581841e-12
    },
    "A/California/96/2018": {
      "country": "USA",
      "country_confidence": {
        "USA": 1.0
      },
      "country_entropy": -1.000088900581841e-12,
      "region": "N",
      "region_confidence": {
        "N": 1.0
      },
      "region_entropy": -1.000088900581841e-12
    },
    "A/California/NHRC-OID_28773/2019": {
      "country": "USA",
      "country_confidence": {
        "USA": 1.0
      },
      "country_entropy": -1.000088900581841e-12,
      "region": "N",
      "region_confidence": {
        "N": 0.9999999999999999
      },
      "region_entropy": -9.99866855976916e-13
    },
    "A/California/NHRC_OID_FDX40871/2019": {
      "country": "USA",
      "country_confidence": {
        "USA": 1.0
      },
      "country_entropy": -1.000088900581841e-12,
      "region": "N",
      "region_confidence": {
        "N": 1.0
      },
      "region_entropy": -1.000088900581841e-12
    },
    "A/Canberra/9/2018": {
      "country": "Australia",
      "country_confidence": {
        "Australia": 1.0
      },
      "country_entropy": -1.000088900581841e-12,
      "region": "S",
      "region_confidence": {
        "S": 1.0
      },
      "region_entropy": -1.000088900581841e-12
    },
    "A/Chad/9833/2019": {
      "country": "Chad",
      "country_confidence": {
        "Chad": 1.0
      },
      "country_entropy": -1.000088900581841e-12,
      "region": "T",
      "region_confidence": {
        "T": 1.0
      },
      "region_entropy": -1.000088900581841e-12
    },
    "A/Chad/9834/2019": {
      "country": "Chad",
      "country_confidence": {
        "Chad": 1.0
      },
      "country_entropy": -1.000088900581841e-12,
      "region": "T",
      "region_confidence": {
        "T": 1.0
      },
      "region_entropy": -1.000088900581841e-12
    },
    "A/Colorado/01/2020": {
      "country": "USA",
      "country_confidence": {
        "USA": 0.9999999999999999
      },
      "country_entropy": -9.99866855976916e-13,
      "region": "N",
      "region_confidence": {
        "N": 0.9999999999999999
      },
      "region_entropy": -9.99866855976916e-13
    },
    "A/Colorado/46/2019": {
      "country": "USA",
      "country_confidence": {
        "USA": 1.0
      },
      "country_entropy": -1.000088900581841e-12,
      "region": "N",
      "region_confidence": {
        "N": 1.0
      },
      "region_entropy": -1.000088900581841e-12
    },
    "A/Colorado/9737/2019": {
      "country": "USA",
      "country_confidence": {
        "USA": 1.0
      },
      "country_entropy": -1.000088900581841e-12,
      "region": "N",
      "region_confidence": {
        "N": 1.0
      },
      "region_entropy": -1.000088900581841e-12
    },
    "A/Connecticut/32/2018": {
      "country": "USA",
      "country_confidence": {
        "USA": 1.0
      },
      "country_entropy": -1.000088900581841e-12,
      "region": "N",
      "region_confidence": {
        "N": 1.0
      },
      "region_entropy": -1.000088900581841e-12
    },
    "A/Connecticut/39/2018": {
      "country": "USA",
      "country_confidence": {
        "USA": 1.0
      },
      "country_entropy": -1.000088900581841e-12,
      "region": "N",
      "region_confidence": {
        "N": 1.0
      },
      "region_entropy": -1.000088900581841e-12
    },
    "A/Delaware/18/2019": {
      "country": "USA",
      "country_confidence": {
        "USA": 1.0
      },
      "country_entropy": -1.000088900581841e-12,
      "region": "N",
      "region_confidence": {
        "N": 1.0
      },
      "region_entropy": -1.000088900581841e-12
    },
    "A/Delaware/41/2019": {
      "country": "USA",
      "country_confidence": {
        "USA": 1.0
      },
      "country_entropy": -1.000088900581841e-12,
      "region": "N",
      "region_confidence": {
        "N": 1.0
      },
      "region_entropy": -1.000088900581841e-12
    },
    "A/DistrictOfColumbia/37/2019": {
      "country": "USA",
      "country_confidence": {
        "USA": 1.0
      },
      "country_entropy": -1.000088900581841e-12,
      "region": "N",
      "region_confidence": {
        "N": 1.0
      },
      "region_entropy": -1.000088900581841e-12
    },
    "A/DistrictOfColumbia/39/2019": {
      "country": "USA",
      "country_confidence": {
        "USA": 1.0
      },
      "country_entropy": -1.000088900581841e-12,
      "region": "N",
      "region_confidence": {
        "N": 0.9999999999999999
      },
      "region_entropy": -9.99866855976916e-13
    },
    "A/England/7208/2018": {
      "country": "United Kingdom",
      "country_confidence": {
        "United Kingdom": 1.0
      },
      "country_entropy": -1.000088900581841e-12,
      "region": "N",
      "region_confidence": {
        "N": 1.0
      },
      "region_entropy": -1.000088900581841e-12
    },
    "A/England/7821/2019": {
      "country": "United Kingdom",
      "country_confidence": {
        "United Kingdom": 1.0
      },
      "country_entropy": -1.000088900581841e-12,
      "region": "N",
      "region_confidence": {
        "N": 1.0
      },
      "region_entropy": -1.000088900581841e-12
    },
    "A/England/7823/2019": {
      "country": "United Kingdom",
      "country_confidence": {
        "United Kingdom": 1.0
      },
      "country_entropy": -1.000088900581841e-12,
      "region": "N",
      "region_confidence": {
        "N": 1.0
      },
      "region_entropy": -1.000088900581841e-12
    },
    "A/England/7963/2019": {
      "country": "United Kingdom",
      "country_confidence": {
        "United Kingdom": 1.0
      },
      "country_entropy": -1.000088900581841e-12,
      "region": "N",
      "region_confidence": {
        "N": 1.0
      },
      "region_entropy": -1.000088900581841e-12
    },
    "A/England/7964/2019": {
      "country": "United Kingdom",
      "country_confidence": {
        "United Kingdom": 1.0
      },
      "country_entropy": -1.000088900581841e-12,
      "region": "N",
      "region_confidence": {
        "N": 1.0
      },
      "region_entropy": -1.000088900581841e-12
    },
    "A/England/8122/2019": {
      "country": "United Kingdom",
      "country_confidence": {
        "United Kingdom": 1.0
      },
      "country_entropy": -1.000088900581841e-12,
      "region": "N",
      "region_confidence": {
        "N": 1.0
      },
      "region_entropy": -1.000088900581841e-12
    },
    "A/England/8581/2019": {
      "country": "United Kingdom",
      "country_confidence": {
        "United Kingdom": 1.0
      },
      "country_entropy": -1.000088900581841e-12,
      "region": "N",
      "region_confidence": {
        "N": 1.0
      },
      "region_entropy": -1.000088900581841e-12
    },
    "A/England/8741/2019": {
      "country": "United Kingdom",
      "country_confidence": {
        "United Kingdom": 1.0
      },
      "country_entropy": -1.000088900581841e-12,
      "region": "N",
      "region_confidence": {
        "N": 0.9999999999999999
      },
      "region_entropy": -9.99866855976916e-13
    },
    "A/England/8742/2019": {
      "country": "United Kingdom",
      "country_confidence": {
        "United Kingdom": 1.0
      },
      "country_entropy": -1.000088900581841e-12,
      "region": "N",
      "region_confidence": {
        "N": 0.9999999999999999
      },
      "region_entropy": -9.99866855976916e-13
    },
    "A/England/8887/2019": {
      "country": "United Kingdom",
      "country_confidence": {
        "United Kingdom": 1.0
      },
      "country_entropy": -1.000088900581841e-12,
      "region": "N",
      "region_confidence": {
        "N": 1.0
      },
      "region_entropy": -1.000088900581841e-12
    },
    "A/England/8892/2019": {
      "country": "United Kingdom",
      "country_confidence": {
        "United Kingdom": 1.0
      },
      "country_entropy": -1.000088900581841e-12,
      "region": "N",
      "region_confidence": {
        "N": 1.0
      },
      "region_entropy": -1.000088900581841e-12
    },
    "A/England/8893/2019": {
      "country": "United Kingdom",
      "country_confidence": {
        "United Kingdom": 1.0
      },
      "country_entropy": -1.000088900581841e-12,
      "region": "N",
      "region_confidence": {
        "N": 1.0
      },
      "region_entropy": -1.000088900581841e-12
    },
    "A/England/9336/2019": {
      "country": "United Kingdom",
      "country_confidence": {
        "United Kingdom": 1.0
      },
      "country_entropy": -1.000088900581841e-12,
      "region": "N",
      "region_confidence": {
        "N": 0.9999999999999999
      },
      "region_entropy": -9.99866855976916e-13
    },
    "A/England/9338/2019": {
      "country": "United Kingdom",
      "country_confidence": {
        "United Kingdom": 1.0
      },
      "country_entropy": -1.000088900581841e-12,
      "region": "N",
      "region_confidence": {
        "N": 1.0
      },
      "region_entropy": -1.000088900581841e-12
    },
    "A/England/9617/2019": {
      "country": "United Kingdom",
      "country_confidence": {
        "United Kingdom": 0.9999999999999999
      },
      "country_entropy": -9.99866855976916e-13,
      "region": "N",
      "region_confidence": {
        "N": 1.0
      },
      "region_entropy": -1.000088900581841e-12
    },
    "A/England/9619/2019": {
      "country": "United Kingdom",
      "country_confidence": {
        "United Kingdom": 1.0
      },
      "country_entropy": -1.000088900581841e-12,
      "region": "N",
      "region_confidence": {
        "N": 1.0
      },
      "region_entropy": -1.000088900581841e-12
    },
    "A/England/9658/2019": {
      "country": "United Kingdom",
      "country_confidence": {
        "United Kingdom": 0.9999999999999999
      },
      "country_entropy": -9.99866855976916e-13,
      "region": "N",
      "region_confidence": {
        "N": 1.0
      },
      "region_entropy": -1.000088900581841e-12
    },
    "A/England/9662/2019": {
      "country": "United Kingdom",
      "country_confidence": {
        "United Kingdom": 0.9999999999999999
      },
      "country_entropy": -9.99866855976916e-13,
      "region": "N",
      "region_confidence": {
        "N": 1.0
      },
      "region_entropy": -1.000088900581841e-12
    },
    "A/Florida/106/2018": {
      "country": "USA",
      "country_confidence": {
        "USA": 1.0
      },
      "country_entropy": -1.000088900581841e-12,
      "region": "N",
      "region_confidence": {
        "N": 1.0
      },
      "region_entropy": -1.000088900581841e-12
    },
    "A/Florida/11/2020": {
      "country": "USA",
      "country_confidence": {
        "USA": 1.0
      },
      "country_entropy": -1.000088900581841e-12,
      "region": "N",
      "region_confidence": {
        "N": 1.0
      },
      "region_entropy": -1.000088900581841e-12
    },
    "A/Florida/110/2019": {
      "country": "USA",
      "country_confidence": {
        "USA": 1.0
      },
      "country_entropy": -1.000088900581841e-12,
      "region": "N",
      "region_confidence": {
        "N": 1.0
      },
      "region_entropy": -1.000088900581841e-12
    },
    "A/Florida/127/2018": {
      "country": "USA",
      "country_confidence": {
        "USA": 1.0
      },
      "country_entropy": -1.000088900581841e-12,
      "region": "N",
      "region_confidence": {
        "N": 1.0
      },
      "region_entropy": -1.000088900581841e-12
    },
    "A/Florida/127/2019": {
      "country": "USA",
      "country_confidence": {
        "USA": 1.0
      },
      "country_entropy": -1.000088900581841e-12,
      "region": "N",
      "region_confidence": {
        "N": 1.0
      },
      "region_entropy": -1.000088900581841e-12
    },
    "A/Florida/64/2019": {
      "country": "USA",
      "country_confidence": {
        "USA": 1.0
      },
      "country_entropy": -1.000088900581841e-12,
      "region": "N",
      "region_confidence": {
        "N": 1.0
      },
      "region_entropy": -1.000088900581841e-12
    },
    "A/Florida/65/2018": {
      "country": "USA",
      "country_confidence": {
        "USA": 0.9999999999999999
      },
      "country_entropy": -9.99866855976916e-13,
      "region": "N",
      "region_confidence": {
        "N": 1.0
      },
      "region_entropy": -1.000088900581841e-12
    },
    "A/Florida/83/2018": {
      "country": "USA",
      "country_confidence": {
        "USA": 1.0
      },
      "country_entropy": -1.000088900581841e-12,
