{
  "generated_by": {
    "program": "augur",
    "version": "10.0.0"
  },
  "models": {
    "country": {
      "alphabet": [
        "Australia",
        "Bahrain",
        "Brazil",
        "Canada",
        "Chile",
        "China",
        "Germany",
        "Guam",
        "Hong Kong",
        "India",
        "Iran",
        "Israel",
        "Italy",
        "Japan",
        "Kenya",
        "Mexico",
        "Nicaragua",
        "Philippines",
        "Russia",
        "Singapore",
        "South Africa",
        "South Korea",
        "Spain",
        "Switzerland",
        "Taiwan",
        "Thailand",
        "USA",
        "Uganda",
        "United Kingdom",
        "?"
      ],
      "equilibrium_probabilities": [
        0.010768913463229262,
        0.04385597078383224,
        0.05165500568662699,
        0.014773269120476398,
        0.02886766690723399,
        0.01739531284992709,
        0.0328128950871287,
        0.048701917237720146,
        0.04877866959748549,
        0.02634658248019339,
        0.025404719522293263,
        0.03251500629234331,
        0.04605332843035675,
        0.02365090315754366,
        0.03816601700468799,
        0.04393125944511964,
        0.030617466773080998,
        0.05232500188383512,
        0.040351303891539306,
        0.04891143592800685,
        0.04874815489069793,
        0.029747978517689375,
        0.043383757974971904,
        0.018294883475911128,
        0.026979808597090704,
        0.02185992194014356,
        0.01546341870837524,
        0.04974282929447424,
        0.03989660105798548
      ],
      "rate": 92.94082678008995,
      "transition_matrix": [
        [
          0.0,
          1.5432823432033345,
          1.0047061142949398,
          5.634470471820977,
          2.968591999193812,
          10.703814505263502,
          1.3595167252351816,
          1.068133936583316,
          1.2913259099731058,
          4.633625364141764,
          4.66832171260753,
          4.704349392584822,
          1.0740077223344306,
          4.407182271216405,
          3.019819721101715,
          0.8823352224881871,
          1.0049337904050017,
          0.9252998609123666,
          1.1078093936631779,
          1.3830299087533813,
          1.4224293640868257,
          4.727082805821375,
          1.0785262573384162,
          7.178872346651266,
          5.461864148062645,
          14.309291760083498,
          48.941467217484785,
          0.967883562471909,
          1.215108833226241
        ],
        [
          1.5432823432033345,
          0.0,
          0.8789792544802004,
          0.8778819855909165,
          0.878646943311855,
          0.8769943795949827,
          0.87916134267401,
          0.878773647032918,
          0.8787558128642696,
          0.878194515038029,
          0.8783342726382394,
          0.8794938377735069,
          0.8793847681211924,
          0.8805983485419161,
          0.8782752532528665,
          0.8787762917579723,
          0.8771899668995211,
          0.8789809281711214,
          0.8789090101744945,
          0.8790154402200968,
          0.8787161699012244,
          0.8787728192551937,
          0.878750825031228,
          0.8784616266786555,
          0.8789597585666604,
          0.8784055453055449,
          1.0608282178406745,
          0.8793207817815334,
          0.8787742921906653
        ],
        [
          1.0047061142949398,
          0.8789792544802004,
          0.0,
          0.8768434954171775,
          0.8786588181107166,
          0.8777097858554629,
          0.8793747612591336,
          0.8790556602430517,
          0.8790826968758506,
          0.8780716373941932,
          0.8782786127277292,
          0.8796963653890696,
          0.8796519556311053,
          1.1566918437436509,
          0.8783756206930016,
          0.8790098388024645,
          0.8770453049047777,
          0.87945868092353,
          0.8791346207577898,
          0.8794471045871584,
          0.8790820290344137,
          0.8794800746933565,
          0.8790177644757192,
          0.8783854979308571,
          0.8796580139664986,
          0.9502010965564024,
          0.8786803724952947,
          0.8795164099198014,
          0.8790626148788642
        ],
        [
          5.634470471820977,
          0.8778819855909165,
          0.8768434954171775,
          0.0,
          1.012616828714184,
          1.977191338358679,
          1.0636256283311376,
          1.3156739022568136,
          0.8763614140339561,
          0.955774957588778,
          0.8863209212862294,
          0.8832226192064769,
          1.1988205910097938,
          1.4050404209445693,
          1.2562456002130757,
          0.8777477836932194,
          0.8800379303177785,
          0.9233790297359626,
          1.0740754804133523,
          0.8769952645539122,
          0.8766089887529723,
          1.0655219544117733,
          1.1475426345558215,
          0.887354563518853,
          0.88196060323757,
          0.9383085668658323,
          23.626869881985368,
          0.8815487365777385,
          1.5962069013659599
        ],
        [
          2.968591999193812,
          0.878646943311855,
          0.8786588181107166,
          1.012616828714184,
          0.0,
          1.3083164253922575,
          0.8795582974763795,
          0.8786169522476271,
          0.8784225002386055,
          0.8793468583364105,
          0.8796827342771286,
          0.910030188769566,
          0.8797414474712758,
          0.8824808274455218,
          0.884986309033701,
          0.8786362034533085,
          0.8781043835557929,
          0.8786833131794605,
          0.8800951618280921,
          0.8787358299067819,
          0.8784671680840404,
          0.8798935474316477,
          0.8793063275112736,
          1.944247665793897,
          0.8801929351870502,
          0.9926257226795572,
          4.625067328214809,
          0.880714301992141,
          0.8789041648820404
        ],
        [
          10.703814505263502,
          0.8769943795949827,
          0.8777097858554629,
          1.977191338358679,
          1.3083164253922575,
          0.0,
          0.8828949553817879,
          0.8766354027967516,
          0.8835823862130862,
          1.2579655747437335,
          0.8834763999329128,
          1.5052913699311026,
          0.8791051193314894,
          2.670747969435796,
          0.9094216971702412,
          0.8765623264990839,
          0.8781414125161059,
          0.8771768046308772,
          0.879429911629001,
          0.877614196326324,
          0.8764860599162075,
          2.243720927765001,
          0.877068549614296,
          1.154807554684948,
          1.7055900161254005,
          3.0113953178246686,
          8.987438003092212,
          0.8791437934002118,
          0.8779275715537536
        ],
        [
          1.3595167252351816,
          0.87916134267401,
          0.8793747612591336,
          1.0636256283311376,
          0.8795582974763795,
          0.8828949553817879,
          0.0,
          0.8791523764780883,
          0.8790715296982261,
          1.1686076888192567,
          0.8797351240801667,
          0.8813700083076467,
          1.5786319005620744,
          1.2074225870275535,
          0.8796880737385586,
          0.8791001097696971,
          0.8782529539003303,
          0.8794962165751605,
          0.8794246743604921,
          0.8794546530951759,
          0.879162141506402,
          0.8812332675499823,
          0.8792030671962243,
          0.8801744172597682,
          0.8804903486717378,
          0.8803581148029355,
          4.09398526702811,
          0.8803903259856026,
          1.0596412319977098
        ],
        [
          1.068133936583316,
          0.878773647032918,
          0.8790556602430517,
          1.3156739022568136,
          0.8786169522476271,
          0.8766354027967516,
          0.8791523764780883,
          0.0,
          0.8788423886632803,
          0.8780223918858975,
          0.8781417395382778,
          0.8794270467325124,
          0.8794269018799827,
          0.8801689430033603,
          0.8781953539625592,
          0.8788535759629389,
          0.8770466836349883,
          0.879108666388361,
          0.8789513725341283,
          0.8790888913753081,
          0.8787782709355334,
          0.8786860798880061,
          0.8788437080196851,
          0.8782749793458386,
          0.8788407522423737,
          0.8781477542598682,
          1.092695416311447,
          0.8794061610067999,
          0.8788491771961839
        ],
        [
          1.2913259099731058,
          0.8787558128642696,
          0.8790826968758506,
          0.8763614140339561,
          0.8784225002386055,
          0.8835823862130862,
          0.8790715296982261,
          0.8788423886632803,
          0.0,
          0.8778983810135074,
          0.8779860244812014,
          0.8793027886089189,
          0.8793962396745818,
          0.8794653351211439,
          0.8780826390852954,
          0.8788298149739752,
          0.8769588644202444,
          0.8790820339629148,
          0.8788958349433937,
          0.8791087105373068,
          0.8787856178053419,
          0.8784587457101096,
          0.8787931359581005,
          0.8778131223687136,
          0.8788914904067316,
          0.8779097161169602,
          0.8661008158071645,
          0.8792913105413876,
          0.8787729748839329
        ],
        [
          4.633625364141764,
          0.878194515038029,
          0.8780716373941932,
          0.955774957588778,
          0.8793468583364105,
          1.2579655747437335,
          1.1686076888192567,
          0.8780223918858975,
          0.8778983810135074,
          0.0,
          1.0417774233504065,
          0.8808484942890197,
          0.8793368959754185,
          0.8852863186381862,
          0.878980536508436,
          0.8780087521960328,
          0.8776451180476751,
          0.8780788195445646,
          0.878674763445375,
          0.8783516534142967,
          0.8780016396912858,
          1.4704218035458274,
          0.8780977448234619,
          0.9728794085777113,
          0.9048643952498756,
          0.8849156991535901,
          3.729365428291429,
          0.8792922337652611,
          0.8783738453427439
        ],
        [
          4.66832171260753,
          0.8783342726382394,
          0.8782786127277292,
          0.8863209212862294,
          0.8796827342771286,
          0.8834763999329128,
          0.8797351240801667,
          0.8781417395382778,
          0.8779860244812014,
          1.0417774233504065,
          0.0,
          0.973005053994017,
          0.8793150504778403,
          1.0331501655347703,
          0.8797205683635538,
          0.8781989323420302,
          0.878224199098423,
          0.8782086239701977,
          0.8789568475237441,
          0.8783793503127443,
          0.8780963641101329,
          1.525425212727948,
          0.8783146765192191,
          0.9187522000248213,
          0.8807943617558323,
          0.9146331969921795,
          3.7748284653102884,
          1.2982329753434965,
          0.8785917737368593
        ],
        [
          4.704349392584822,
          0.8794938377735069,
          0.8796963653890696,
          0.8832226192064769,
          0.910030188769566,
          1.5052913699311026,
          0.8813700083076467,
          0.8794270467325124,
          0.8793027886089189,
          0.8808484942890197,
          0.973005053994017,
          0.0,
          1.137366284652227,
          0.8994066589685381,
          0.881919821501808,
          0.8794006151312455,
          0.8787218914878278,
          0.8796184741388269,
          0.88404132233887,
          0.8799218847074493,
          0.8794514279076144,
          0.8821082216515065,
          0.8799851568361644,
          1.9451883089122275,
          1.0125257419286868,
          1.0954637767806312,
          2.4758122230731723,
          1.1519166911240386,
          0.8796894960144321
        ],
        [
          1.0740077223344306,
          0.8793847681211924,
          0.8796519556311053,
          1.1988205910097938,
          0.8797414474712758,
          0.8791051193314894,
          1.5786319005620744,
          0.8794269018799827,
          0.8793962396745818,
          0.8793368959754185,
          0.8793150504778403,
          1.137366284652227,
          0.0,
          0.9860445309060881,
          0.8792703309163565,
          0.8794304560837307,
          0.8779581517753292,
          0.87972372784775,
          0.8797028474474146,
          0.879720294128382,
          0.8794140124055209,
          0.8805344276280151,
          0.8794952851340202,
          0.8806405111018416,
          0.8804400772952158,
          0.8799258795102025,
          1.6727212104096312,
          0.8804732863298463,
          0.8798649800330294
        ],
        [
          4.407182271216405,
          0.8805983485419161,
          1.1566918437436509,
          1.4050404209445693,
          0.8824808274455218,
          2.670747969435796,
          1.2074225870275535,
          0.8801689430033603,
          0.8794653351211439,
          0.8852863186381862,
          1.0331501655347703,
          0.8994066589685381,
          0.9860445309060881,
          0.0,
          0.9204605380084501,
          0.879785768879128,
          0.9922109359055271,
          1.2515870510037301,
          0.8809323424848906,
          0.974089772270313,
          0.9220320720445362,
          2.4567426725783443,
          0.9026471982130759,
          1.0205679194429538,
          1.6532593553273152,
          0.9772654225917067,
          10.346041939613585,
          0.891623557260904,
          1.0953590363547578
        ],
        [
          3.019819721101715,
          0.8782752532528665,
          0.8783756206930016,
          1.2562456002130757,
          0.884986309033701,
          0.9094216971702412,
          0.8796880737385586,
          0.8781953539625592,
          0.8780826390852954,
          0.878980536508436,
          0.8797205683635538,
          0.881919821501808,
          0.8792703309163565,
          0.9204605380084501,
          0.0,
          0.8783929558367746,
          0.8777283560852986,
          0.8783536247712831,
          0.8791036594195927,
          0.8847421849967658,
          1.8030685349440831,
          0.8800441992766117,
          0.8786812609241236,
          1.2732981896929987,
          0.8991264379892947,
          0.9748672197315673,
          1.7839644278466553,
          1.6529446678286002,
          0.878716359997115
        ],
        [
          0.8823352224881871,
          0.8787762917579723,
          0.8790098388024645,
          0.8777477836932194,
          0.8786362034533085,
          0.8765623264990839,
          0.8791001097696971,
          0.8788535759629389,
          0.8788298149739752,
          0.8780087521960328,
          0.8781989323420302,
          0.8794006151312455,
          0.8794304560837307,
          0.879785768879128,
          0.8783929558367746,
          0.0,
          0.8910164992433621,
          0.8790366100795574,
          0.8789560976370813,
          0.8790404655195873,
          0.8787598531547021,
          0.8787290985365431,
          0.8788703722745226,
          0.882104872226016,
          0.8787320676075133,
          0.8778570359016111,
          1.7111000790870505,
          0.8796373098218212,
          0.8788819014813828
        ],
        [
          1.0049337904050017,
          0.8771899668995211,
          0.8770453049047777,
          0.8800379303177785,
          0.8781043835557929,
          0.8781414125161059,
          0.8782529539003303,
          0.8770466836349883,
          0.8769588644202444,
          0.8776451180476751,
          0.878224199098423,
          0.8787218914878278,
          0.8779581517753292,
          0.9922109359055271,
          0.8777283560852986,
          0.8910164992433621,
          0.0,
          0.8771009385077121,
          0.8776477458176243,
          0.8771707737594061,
          0.8769341697506265,
          0.8784347443617654,
          0.8773782712802715,
          0.9016221519348304,
          0.878379887757072,
          0.8780001539084998,
          4.143191006234582,
          0.8783596622761549,
          1.3173130236391204
        ],
        [
          0.9252998609123666,
          0.8789809281711214,
          0.87945868092353,
          0.9233790297359626,
          0.8786833131794605,
          0.8771768046308772,
          0.8794962165751605,
          0.879108666388361,
          0.8790820339629148,
          0.8780788195445646,
          0.8782086239701977,
          0.8796184741388269,
          0.87972372784775,
          1.2515870510037301,
          0.8783536247712831,
          0.8790366100795574,
          0.8771009385077121,
          0.0,
          0.8791245379416137,
          0.8794530522995645,
          0.8790793108602122,
          0.8796522740563794,
          0.879093241526682,
          0.8781827915080521,
          0.8793827012312173,
          0.8782025390210333,
          0.8963780591063742,
          0.8795436026363048,
          0.8792340482802221
        ],
        [
          1.1078093936631779,
          0.8789090101744945,
          0.8791346207577898,
          1.0740754804133523,
          0.8800951618280921,
          0.879429911629001,
          0.8794246743604921,
          0.8789513725341283,
          0.8788958349433937,
          0.878674763445375,
          0.8789568475237441,
          0.88404132233887,
          0.8797028474474146,
          0.8809323424848906,
          0.8791036594195927,
          0.8789560976370813,
          0.8776477458176243,
          0.8791245379416137,
          0.0,
          0.8791401252524736,
          0.8788721894711069,
          0.8793240474400438,
          0.8790003228885825,
          1.285073437339723,
          0.8798817094724277,
          1.2628425514267938,
          2.346237598440296,
          0.8800368510544684,
          0.8790823351926702
        ],
        [
          1.3830299087533813,
          0.8790154402200968,
          0.8794471045871584,
          0.8769952645539122,
          0.8787358299067819,
          0.877614196326324,
          0.8794546530951759,
          0.8790888913753081,
          0.8791087105373068,
          0.8783516534142967,
          0.8783793503127443,
          0.8799218847074493,
          0.879720294128382,
          0.974089772270313,
          0.8847421849967658,
          0.8790404655195873,
          0.8771707737594061,
          0.8794530522995645,
          0.8791401252524736,
          0.0,
          0.8865160066109858,
          0.8795740442764296,
          0.8790428931904419,
          0.8785533811714489,
          1.1671368486799594,
          0.8793303420731018,
          0.8831688900815868,
          0.8796006008059747,
          0.8790777444422974
        ],
        [
          1.4224293640868257,
          0.8787161699012244,
          0.8790820290344137,
          0.8766089887529723,
          0.8784671680840404,
          0.8764860599162075,
          0.879162141506402,
          0.8787782709355334,
          0.8787856178053419,
          0.8780016396912858,
          0.8780963641101329,
          0.8794514279076144,
          0.8794140124055209,
          0.9220320720445362,
          1.8030685349440831,
          0.8787598531547021,
          0.8769341697506265,
          0.8790793108602122,
          0.8788721894711069,
          0.8865160066109858,
          0.0,
          0.8788028643958566,
          0.8787386351143854,
          0.8780895829481026,
          0.8997385455366739,
          0.8782786026402855,
          0.8722871722206321,
          0.8796100770651328,
          0.8787589146411418
        ],
        [
          4.727082805821375,
          0.8787728192551937,
          0.8794800746933565,
          1.0655219544117733,
          0.8798935474316477,
          2.243720927765001,
          0.8812332675499823,
          0.8786860798880061,
          0.8784587457101096,
          1.4704218035458274,
          1.525425212727948,
          0.8821082216515065,
          0.8805344276280151,
          2.4567426725783443,
          0.8800441992766117,
          0.8787290985365431,
          0.8784347443617654,
          0.8796522740563794,
          0.8793240474400438,
          0.8795740442764296,
          0.8788028643958566,
          0.0,
          0.8788246151553161,
          1.322111164128746,
          0.9785174327405273,
          0.8864329718097715,
          4.510654466672342,
          0.8825976395969733,
          0.8792868951177082
        ],
        [
          1.0785262573384162,
          0.878750825031228,
          0.8790177644757192,
          1.1475426345558215,
          0.8793063275112736,
          0.877068549614296,
          0.8792030671962243,
          0.8788437080196851,
          0.8787931359581005,
          0.8780977448234619,
          0.8783146765192191,
          0.8799851568361644,
          0.8794952851340202,
          0.9026471982130759,
          0.8786812609241236,
          0.8788703722745226,
          0.8773782712802715,
          0.879093241526682,
          0.8790003228885825,
          0.8790428931904419,
          0.8787386351143854,
          0.8788246151553161,
          0.0,
          1.203346683687574,
          0.8791138308973949,
          0.8785381658730105,
          1.7937825335625526,
          0.87972996059432,
          0.8789553807702589
        ],
        [
          7.178872346651266,
          0.8784616266786555,
          0.8783854979308571,
          0.887354563518853,
          1.944247665793897,
          1.154807554684948,
          0.8801744172597682,
          0.8782749793458386,
          0.8778131223687136,
          0.9728794085777113,
          0.9187522000248213,
          1.9451883089122275,
          0.8806405111018416,
          1.0205679194429538,
          1.2732981896929987,
          0.882104872226016,
          0.9016221519348304,
          0.8781827915080521,
          1.285073437339723,
          0.8785533811714489,
          0.8780895829481026,
          1.322111164128746,
          1.203346683687574,
          0.0,
          1.2201550763988673,
          1.540473208624098,
          8.474515242997024,
          1.694261251633002,
          0.878753948806269
        ],
        [
          5.461864148062645,
          0.8789597585666604,
          0.8796580139664986,
          0.88196060323757,
          0.8801929351870502,
          1.7055900161254005,
          0.8804903486717378,
          0.8788407522423737,
          0.8788914904067316,
          0.9048643952498756,
          0.8807943617558323,
          1.0125257419286868,
          0.8804400772952158,
          1.6532593553273152,
          0.8991264379892947,
          0.8787320676075133,
          0.878379887757072,
          0.8793827012312173,
          0.8798817094724277,
          1.1671368486799594,
          0.8997385455366739,
          0.9785174327405273,
          0.8791138308973949,
          1.2201550763988673,
          0.0,
          1.73704805961048,
          4.544102774134766,
          0.8806028262996564,
          0.8791979670211136
        ],
        [
          14.309291760083498,
          0.8784055453055449,
          0.9502010965564024,
          0.9383085668658323,
          0.9926257226795572,
          3.0113953178246686,
          0.8803581148029355,
          0.8781477542598682,
          0.8779097161169602,
          0.8849156991535901,
          0.9146331969921795,
          1.0954637767806312,
          0.8799258795102025,
          0.9772654225917067,
          0.9748672197315673,
          0.8778570359016111,
          0.8780001539084998,
          0.8782025390210333,
          1.2628425514267938,
          0.8793303420731018,
          0.8782786026402855,
          0.8864329718097715,
          0.8785381658730105,
          1.540473208624098,
          1.73704805961048,
          0.0,
          3.1002966342802014,
          0.8808075388071567,
          0.878508916264013
        ],
        [
          48.941467217484785,
          1.0608282178406745,
          0.8786803724952947,
          23.626869881985368,
          4.625067328214809,
          8.987438003092212,
          4.09398526702811,
          1.092695416311447,
          0.8661008158071645,
          3.729365428291429,
          3.7748284653102884,
          2.4758122230731723,
          1.6727212104096312,
          10.346041939613585,
          1.7839644278466553,
          1.7111000790870505,
          4.143191006234582,
          0.8963780591063742,
          2.346237598440296,
          0.8831688900815868,
          0.8722871722206321,
          4.510654466672342,
          1.7937825335625526,
          8.474515242997024,
          4.544102774134766,
          3.1002966342802014,
          0.0,
          1.4714681981692355,
          2.296757175555975
        ],
        [
          0.967883562471909,
          0.8793207817815334,
          0.8795164099198014,
          0.8815487365777385,
          0.880714301992141,
          0.8791437934002118,
          0.8803903259856026,
          0.8794061610067999,
          0.8792913105413876,
          0.8792922337652611,
          1.2982329753434965,
          1.1519166911240386,
          0.8804732863298463,
          0.891623557260904,
          1.6529446678286002,
          0.8796373098218212,
          0.8783596622761549,
          0.8795436026363048,
          0.8800368510544684,
          0.8796006008059747,
          0.8796100770651328,
          0.8825976395969733,
          0.87972996059432,
          1.694261251633002,
          0.8806028262996564,
          0.8808075388071567,
          1.4714681981692355,
          0.0,
          0.8797565104576802
        ],
        [
          1.215108833226241,
          0.8787742921906653,
          0.8790626148788642,
          1.5962069013659599,
          0.8789041648820404,
          0.8779275715537536,
          1.0596412319977098,
          0.8788491771961839,
          0.8787729748839329,
          0.8783738453427439,
          0.8785917737368593,
          0.8796894960144321,
          0.8798649800330294,
          1.0953590363547578,
          0.878716359997115,
          0.8788819014813828,
          1.3173130236391204,
          0.8792340482802221,
          0.8790823351926702,
          0.8790777444422974,
          0.8787589146411418,
          0.8792868951177082,
          0.8789553807702589,
          0.878753948806269,
          0.8791979670211136,
          0.878508916264013,
          2.296757175555975,
          0.8797565104576802,
          0.0
        ]
      ]
    },
    "region": {
      "alphabet": [
        "N",
        "S",
        "T",
        "?"
      ],
      "equilibrium_probabilities": [
        0.43111005363062127,
        0.26478571326311606,
        0.3041042331062627
      ],
      "rate": 123.88132650088266,
      "transition_matrix": [
        [
          0.0,
          2.7926899956229643,
          1.2130013942367563
        ],
        [
          2.7926899956229643,
          0.0,
          0.2754768539687357
        ],
        [
          1.2130013942367563,
          0.2754768539687357,
          0.0
        ]
      ]
    }
  },
  "nodes": {
    "A/Alabama/02/2016": {
      "country": "USA",
      "country_confidence": {
        "USA": 1.0
      },
      "country_entropy": -1.000088900581841e-12,
      "region": "N",
      "region_confidence": {
        "N": 0.9999999999999999
      },
      "region_entropy": -9.99866855976916e-13
    },
    "A/Alabama/13/2016": {
      "country": "USA",
      "country_confidence": {
        "USA": 1.0
      },
      "country_entropy": -1.000088900581841e-12,
      "region": "N",
      "region_confidence": {
        "N": 1.0
      },
      "region_entropy": -1.000088900581841e-12
    },
    "A/Alabama/15/2016": {
      "country": "USA",
      "country_confidence": {
        "USA": 1.0
      },
      "country_entropy": -1.000088900581841e-12,
      "region": "N",
      "region_confidence": {
        "N": 1.0
      },
      "region_entropy": -1.000088900581841e-12
    },
    "A/Alabama/19/2017": {
      "country": "USA",
      "country_confidence": {
        "USA": 1.0
      },
      "country_entropy": -1.000088900581841e-12,
      "region": "N",
      "region_confidence": {
        "N": 1.0
      },
      "region_entropy": -1.000088900581841e-12
    },
    "A/Alaska/17/2017": {
      "country": "USA",
      "country_confidence": {
        "USA": 1.0
      },
      "country_entropy": -1.000088900581841e-12,
      "region": "N",
      "region_confidence": {
        "N": 0.9999999999999999
      },
      "region_entropy": -9.99866855976916e-13
    },
    "A/Alaska/19/2017": {
      "country": "USA",
      "country_confidence": {
        "USA": 0.9999999999999999
      },
      "country_entropy": -9.99866855976916e-13,
      "region": "N",
      "region_confidence": {
        "N": 1.0
      },
      "region_entropy": -1.000088900581841e-12
    },
    "A/Alaska/22/2016": {
      "country": "USA",
      "country_confidence": {
        "USA": 1.0
      },
      "country_entropy": -1.000088900581841e-12,
      "region": "N",
      "region_confidence": {
        "N": 1.0
      },
      "region_entropy": -1.000088900581841e-12
    },
    "A/Alaska/24/2016": {
      "country": "USA",
      "country_confidence": {
        "USA": 1.0
      },
      "country_entropy": -1.000088900581841e-12,
      "region": "N",
      "region_confidence": {
        "N": 1.0
      },
      "region_entropy": -1.000088900581841e-12
    },
    "A/Alaska/26/2016": {
      "country": "USA",
      "country_confidence": {
        "USA": 0.9999999999999999
      },
      "country_entropy": -9.99866855976916e-13,
      "region": "N",
      "region_confidence": {
        "N": 0.9999999999999999
      },
      "region_entropy": -9.99866855976916e-13
    },
    "A/Alaska/26/2017": {
      "country": "USA",
      "country_confidence": {
        "USA": 1.0
      },
      "country_entropy": -1.000088900581841e-12,
      "region": "N",
      "region_confidence": {
        "N": 1.0
      },
      "region_entropy": -1.000088900581841e-12
    },
    "A/Alaska/264/2015": {
      "country": "USA",
      "country_confidence": {
        "USA": 1.0
      },
      "country_entropy": -1.000088900581841e-12,
      "region": "N",
      "region_confidence": {
        "N": 1.0
      },
      "region_entropy": -1.000088900581841e-12
    },
    "A/Alaska/28/2017": {
      "country": "USA",
      "country_confidence": {
        "USA": 1.0
      },
      "country_entropy": -1.000088900581841e-12,
      "region": "N",
      "region_confidence": {
        "N": 1.0
      },
      "region_entropy": -1.000088900581841e-12
    },
    "A/Alaska/29/2017": {
      "country": "USA",
      "country_confidence": {
        "USA": 1.0
      },
      "country_entropy": -1.000088900581841e-12,
      "region": "N",
      "region_confidence": {
        "N": 1.0
      },
      "region_entropy": -1.000088900581841e-12
    },
    "A/Alaska/33/2017": {
      "country": "USA",
      "country_confidence": {
        "USA": 1.0
      },
      "country_entropy": -1.000088900581841e-12,
      "region": "N",
      "region_confidence": {
        "N": 1.0
      },
      "region_entropy": -1.000088900581841e-12
    },
    "A/Alaska/42/2017": {
      "country": "USA",
      "country_confidence": {
        "USA": 1.0
      },
      "country_entropy": -1.000088900581841e-12,
      "region": "N",
      "region_confidence": {
        "N": 0.9999999999999999
      },
      "region_entropy": -9.99866855976916e-13
    },
    "A/Alaska/55/2017": {
      "country": "USA",
      "country_confidence": {
        "USA": 1.0
      },
      "country_entropy": -1.000088900581841e-12,
      "region": "N",
      "region_confidence": {
        "N": 1.0
      },
      "region_entropy": -1.000088900581841e-12
    },
    "A/Alaska/57/2017": {
      "country": "USA",
      "country_confidence": {
        "USA": 1.0
      },
      "country_entropy": -1.000088900581841e-12,
      "region": "N",
      "region_confidence": {
        "N": 0.9999999999999999
      },
      "region_entropy": -9.99866855976916e-13
    },
    "A/Alaska/82/2017": {
      "country": "USA",
      "country_confidence": {
        "USA": 1.0
      },
      "country_entropy": -1.000088900581841e-12,
      "region": "N",
      "region_confidence": {
        "N": 1.0
      },
      "region_entropy": -1.000088900581841e-12
    },
    "A/Alberta/006/2017": {
      "country": "Canada",
      "country_confidence": {
        "Canada": 1.0
      },
      "country_entropy": -1.000088900581841e-12,
      "region": "N",
      "region_confidence": {
        "N": 1.0
      },
      "region_entropy": -1.000088900581841e-12
    },
    "A/Alberta/017/2018": {
      "country": "Canada",
      "country_confidence": {
        "Canada": 0.9999999999999999
      },
      "country_entropy": -9.99866855976916e-13,
      "region": "N",
      "region_confidence": {
        "N": 1.0
      },
      "region_entropy": -1.000088900581841e-12
    },
    "A/Alberta/025/2018": {
      "country": "Canada",
      "country_confidence": {
        "Canada": 1.0
      },
      "country_entropy": -1.000088900581841e-12,
      "region": "N",
      "region_confidence": {
        "N": 1.0
      },
      "region_entropy": -1.000088900581841e-12
    },
    "A/Alberta/053/2017": {
      "country": "Canada",
      "country_confidence": {
        "Canada": 1.0
      },
      "country_entropy": -1.000088900581841e-12,
      "region": "N",
      "region_confidence": {
        "N": 1.0
      },
      "region_entropy": -1.000088900581841e-12
    },
    "A/Alberta/150/2016": {
      "country": "Canada",
      "country_confidence": {
        "Canada": 1.0
      },
      "country_entropy": -1.000088900581841e-12,
      "region": "N",
      "region_confidence": {
        "N": 1.0
      },
      "region_entropy": -1.000088900581841e-12
    },
    "A/Alberta/151/2016": {
      "country": "Canada",
      "country_confidence": {
        "Canada": 1.0
      },
      "country_entropy": -1.000088900581841e-12,
      "region": "N",
      "region_confidence": {
        "N": 1.0
      },
      "region_entropy": -1.000088900581841e-12
    },
    "A/Alberta/153/2016": {
      "country": "Canada",
      "country_confidence": {
        "Canada": 1.0
      },
      "country_entropy": -1.000088900581841e-12,
      "region": "N",
      "region_confidence": {
        "N": 1.0
      },
      "region_entropy": -1.000088900581841e-12
    },
    "A/Alberta/154/2016": {
      "country": "Canada",
      "country_confidence": {
        "Canada": 1.0
      },
      "country_entropy": -1.000088900581841e-12,
      "region": "N",
      "region_confidence": {
        "N": 1.0
      },
      "region_entropy": -1.000088900581841e-12
    },
    "A/Alberta/156/2016": {
      "country": "Canada",
      "country_confidence": {
        "Canada": 1.0
      },
      "country_entropy": -1.000088900581841e-12,
      "region": "N",
      "region_confidence": {
        "N": 1.0
      },
      "region_entropy": -1.000088900581841e-12
    },
    "A/Alberta/157/2016": {
      "country": "Canada",
      "country_confidence": {
        "Canada": 1.0
      },
      "country_entropy": -1.000088900581841e-12,
      "region": "N",
      "region_confidence": {
        "N": 1.0
      },
      "region_entropy": -1.000088900581841e-12
    },
    "A/Alberta/165/2016": {
      "country": "Canada",
      "country_confidence": {
        "Canada": 1.0
      },
      "country_entropy": -1.000088900581841e-12,
      "region": "N",
      "region_confidence": {
        "N": 1.0
      },
      "region_entropy": -1.000088900581841e-12
    },
    "A/Alberta/169/2016": {
      "country": "Canada",
      "country_confidence": {
        "Canada": 1.0
      },
      "country_entropy": -1.000088900581841e-12,
      "region": "N",
      "region_confidence": {
        "N": 1.0
      },
      "region_entropy": -1.000088900581841e-12
    },
    "A/Alberta/178/2016": {
      "country": "Canada",
      "country_confidence": {
        "Canada": 0.9999999999999999
      },
      "country_entropy": -9.99866855976916e-13,
      "region": "N",
      "region_confidence": {
        "N": 1.0
      },
      "region_entropy": -1.000088900581841e-12
    },
    "A/Alberta/209/2016": {
      "country": "Canada",
      "country_confidence": {
        "Canada": 1.0
      },
      "country_entropy": -1.000088900581841e-12,
      "region": "N",
      "region_confidence": {
        "N": 1.0
      },
      "region_entropy": -1.000088900581841e-12
    },
    "A/Alberta/217/2016": {
      "country": "Canada",
      "country_confidence": {
        "Canada": 1.0
      },
      "country_entropy": -1.000088900581841e-12,
      "region": "N",
      "region_confidence": {
        "N": 1.0
      },
      "region_entropy": -1.000088900581841e-12
    },
    "A/Alberta/419/2017": {
      "country": "Canada",
      "country_confidence": {
        "Canada": 1.0
      },
      "country_entropy": -1.000088900581841e-12,
      "region": "N",
      "region_confidence": {
        "N": 1.0
      },
      "region_entropy": -1.000088900581841e-12
    },
    "A/Alberta/52/2016": {
      "country": "Canada",
      "country_confidence": {
        "Canada": 0.9999999999999999
      },
      "country_entropy": -9.99866855976916e-13,
      "region": "N",
      "region_confidence": {
        "N": 1.0
      },
      "region_entropy": -1.000088900581841e-12
    },
    "A/Arizona/06/2017": {
      "country": "USA",
      "country_confidence": {
        "USA": 0.9999999999999999
      },
      "country_entropy": -9.99866855976916e-13,
      "region": "N",
      "region_confidence": {
        "N": 1.0
      },
      "region_entropy": -1.000088900581841e-12
    },
    "A/Arizona/22/2015": {
      "country": "USA",
      "country_confidence": {
        "USA": 0.9999999999999999
      },
      "country_entropy": -9.99866855976916e-13,
      "region": "N",
      "region_confidence": {
        "N": 1.0
      },
      "region_entropy": -1.000088900581841e-12
    },
    "A/Arizona/32/2017": {
      "country": "USA",
      "country_confidence": {
        "USA": 1.0
      },
      "country_entropy": -1.000088900581841e-12,
      "region": "N",
      "region_confidence": {
        "N": 1.0
      },
      "region_entropy": -1.000088900581841e-12
    },
    "A/Arizona/35/2017": {
      "country": "USA",
      "country_confidence": {
        "USA": 1.0
      },
      "country_entropy": -1.000088900581841e-12,
      "region": "N",
      "region_confidence": {
        "N": 1.0
      },
      "region_entropy": -1.000088900581841e-12
    },
    "A/Arizona/37/2017": {
      "country": "USA",
      "country_confidence": {
        "USA": 0.9999999999999999
      },
      "country_entropy": -9.99866855976916e-13,
      "region": "N",
      "region_confidence": {
        "N": 0.9999999999999999
      },
      "region_entropy": -9.99866855976916e-13
    },
    "A/Arizona/38/2017": {
      "country": "USA",
      "country_confidence": {
        "USA": 1.0
      },
      "country_entropy": -1.000088900581841e-12,
      "region": "N",
      "region_confidence": {
        "N": 1.0
      },
      "region_entropy": -1.000088900581841e-12
    },
    "A/Arizona/47/2017": {
      "country": "USA",
      "country_confidence": {
        "USA": 1.0
      },
      "country_entropy": -1.000088900581841e-12,
      "region": "N",
      "region_confidence": {
        "N": 0.9999999999999999
      },
      "region_entropy": -9.99866855976916e-13
    },
    "A/Arizona/5003/2016": {
      "country": "USA",
      "country_confidence": {
