{
  "generated_by": {
    "program": "augur",
    "version": "9.0.0"
  },
  "models": {
    "country": {
      "alphabet": [
        "Australia",
        "Bahrain",
        "Brazil",
        "Canada",
        "Chile",
        "China",
        "Germany",
        "Guam",
        "Hong Kong",
        "India",
        "Iran",
        "Israel",
        "Italy",
        "Japan",
        "Kenya",
        "Mexico",
        "Nicaragua",
        "Philippines",
        "Russia",
        "Singapore",
        "South Africa",
        "South Korea",
        "Spain",
        "Switzerland",
        "Taiwan",
        "Thailand",
        "USA",
        "Uganda",
        "United Kingdom",
        "?"
      ],
      "equilibrium_probabilities": [
        0.012290338150346086,
        0.04913899453561259,
        0.05041893496236112,
        0.01690248648286578,
        0.032905991894288444,
        0.016341535660564926,
        0.03064967268196321,
        0.04804956397789178,
        0.0467646915654379,
        0.024681254887715057,
        0.02490322857418741,
        0.03342521088434627,
        0.04389336508755115,
        0.02294818084056619,
        0.03881304912057199,
        0.0486860417056351,
        0.027913335886993275,
        0.05132157899671421,
        0.04374869280829969,
        0.046899849710319796,
        0.04310333269219578,
        0.03288934542118142,
        0.04234370485113629,
        0.01997129342579359,
        0.029608341268808916,
        0.021052407315510134,
        0.015233032337721584,
        0.04515666160165496,
        0.03994588267176524
      ],
      "rate": 90.14744124931386,
      "transition_matrix": [
        [
          0.0,
          1.2884782757798963,
          0.9019555009556756,
          4.942556793065269,
          3.4349812224074707,
          8.6413313241977,
          1.4513311555322639,
          0.8757160576670504,
          0.8616244888350559,
          4.22697609374916,
          2.664666895073316,
          3.2197419001498346,
          0.9473681999783305,
          4.591689646624098,
          1.75747318762496,
          1.3290183878427366,
          1.130471332105469,
          0.8654436686403364,
          1.14165753168528,
          1.7145382076747664,
          1.4572815897424563,
          4.242132092061965,
          1.3045371120450822,
          7.096426744668409,
          4.899530598737138,
          8.86625619711914,
          43.28089170096291,
          0.8832520264739101,
          1.6315230425351759
        ],
        [
          1.2884782757798963,
          0.0,
          0.8707688340079006,
          0.8686330997830057,
          0.8703912995966746,
          0.8674323501670643,
          0.8707093146959904,
          0.8707273965623793,
          0.8706710181174678,
          0.8695114766061631,
          0.8689951317272995,
          0.8711921004236151,
          0.8708675905629204,
          0.8704285790159842,
          0.8701634554314338,
          0.8710776959436386,
          0.8690193177622338,
          0.8707824041164837,
          0.8707663899066087,
          0.8706650041153584,
          0.8706810349187498,
          0.8704139417448941,
          0.8706109136490554,
          0.8696702685899939,
          0.8705819339475727,
          0.8690665653213197,
          0.8594868113410845,
          0.8709082407680822,
          0.8706386101882629
        ],
        [
          0.9019555009556756,
          0.8707688340079006,
          0.0,
          0.8700878784321752,
          0.8706043742989354,
          0.8684957024576457,
          0.8710841131475022,
          0.8709757812406583,
          0.8709002227789733,
          0.8696312281539645,
          0.869251421221542,
          0.871476274237862,
          0.8711886077740757,
          1.1353712183933482,
          0.8703681590489663,
          0.8712269829193269,
          0.8692479835393141,
          0.8711303760610345,
          0.870998132592575,
          0.8708745022773385,
          0.8708469255264615,
          0.8709888961083285,
          0.8708466268157405,
          0.8700665794504799,
          0.8710342052937649,
          0.8757679198953876,
          0.9942936922011298,
          0.8712289623490533,
          0.870930596085977
        ],
        [
          4.942556793065269,
          0.8686330997830057,
          0.8700878784321752,
          0.0,
          1.3094316989179964,
          1.0181016281510114,
          0.8940069025950078,
          1.304826542778027,
          0.8686597031749492,
          0.913893879780766,
          0.9958961819654067,
          1.110186304528953,
          1.267332380053497,
          1.6382130047257681,
          1.0801101210020732,
          0.887740748053998,
          0.871755424707727,
          0.8738726068070879,
          1.0978109441890271,
          0.868887352988648,
          0.8694641311499832,
          0.8890229952527016,
          0.8743075002678831,
          1.6012346520300715,
          0.8760923681499129,
          0.9244586358895599,
          20.110448394219542,
          0.8736831691242015,
          1.4765533975691172
        ],
        [
          3.4349812224074707,
          0.8703912995966746,
          0.8706043742989354,
          1.3094316989179964,
          0.0,
          1.3012071079888605,
          0.8714039224539892,
          0.8705839242156304,
          0.8704279940450267,
          0.871314897374752,
          0.8808269319879583,
          0.8736053692077229,
          0.8711288683365156,
          0.8730314994230535,
          1.0039591687844904,
          0.9229977100122477,
          0.9698918119540559,
          0.8706132877810155,
          0.8769672434181001,
          0.870540564983182,
          0.8709453935329498,
          0.872155991483304,
          0.8706727477239488,
          2.367133695698274,
          1.3108365351241311,
          0.8782186787882061,
          2.9742764050401824,
          0.8717216651108014,
          0.8709403496740604
        ],
        [
          8.6413313241977,
          0.8674323501670643,
          0.8684957024576457,
          1.0181016281510114,
          1.3012071079888605,
          0.0,
          0.871658456530737,
          0.8679184688430938,
          0.8676199676978195,
          1.8705834301029212,
          1.3028971690656286,
          1.7572200251629477,
          0.87084617475707,
          1.9563251506755392,
          0.8716358343149144,
          0.8684015264336759,
          0.876441117792066,
          0.8683466022168184,
          0.872111164137324,
          0.8679568026493558,
          0.8684940621187024,
          3.942545322253074,
          0.8683074183581947,
          0.9617648429909798,
          2.9180893025040873,
          3.1590648219578634,
          11.888082367336246,
          0.8701249824173182,
          0.8691748204097043
        ],
        [
          1.4513311555322639,
          0.8707093146959904,
          0.8710841131475022,
          0.8940069025950078,
          0.8714039224539892,
          0.871658456530737,
          0.0,
          0.9125371211635822,
          0.8707437121581882,
          1.1329111371880363,
          0.8710438900309521,
          0.8732873006005253,
          1.3340634070996364,
          1.314101057292293,
          0.8715735136763244,
          0.8711689667795487,
          0.870343758502544,
          0.8711969613757882,
          0.8713562133638562,
          0.8708474357388286,
          0.8709062682862836,
          0.8725123826037492,
          0.8708874610084106,
          0.8724891665077396,
          0.872258453076259,
          0.8718355525523815,
          4.265996663726239,
          0.8719000310514708,
          0.9372314144696692
        ],
        [
          0.8757160576670504,
          0.8707273965623793,
          0.8709757812406583,
          1.304826542778027,
          0.8705839242156304,
          0.8679184688430938,
          0.9125371211635822,
          0.0,
          0.8708575699283931,
          0.8697264914349638,
          0.8693089858146368,
          0.871571391029598,
          0.8797874348145761,
          0.8794215059898108,
          0.8704296766184098,
          0.8711743382804256,
          0.8692276444553131,
          0.8710219443780014,
          0.8710087547389125,
          0.8708215093950534,
          0.8708018485224477,
          0.8706049792460795,
          0.8708055257910593,
          0.8700023365520841,
          0.8708340022519081,
          0.8694791659322161,
          1.229011776097881,
          0.8712512374369226,
          0.8708775910434032
        ],
        [
          0.8616244888350559,
          0.8706710181174678,
          0.8709002227789733,
          0.8686597031749492,
          0.8704279940450267,
          0.8676199676978195,
          0.8707437121581882,
          0.8708575699283931,
          0.0,
          0.8695331620726074,
          0.869110268833023,
          0.8713340480218896,
          0.8710373038952858,
          0.8704903252285856,
          0.8703052118041884,
          0.8710972763679208,
          0.8690842841792382,
          0.8709400611658707,
          0.8708729128784249,
          0.8707604746773293,
          0.870723703967062,
          0.8703811816938194,
          0.870712200409892,
          0.8697158758645861,
          0.870581099835983,
          0.8691315121946142,
          1.2821457906894043,
          0.8711664106703308,
          0.8707280205736924
        ],
        [
          4.22697609374916,
          0.8695114766061631,
          0.8696312281539645,
          0.913893879780766,
          0.871314897374752,
          1.8705834301029212,
          1.1329111371880363,
          0.8697264914349638,
          0.8695331620726074,
          0.0,
          0.8804195745883292,
          0.9986991046619279,
          0.8706003331927961,
          0.8753896684620861,
          0.8713085985170501,
          0.8701716637363615,
          0.8701511086055749,
          0.8695997177139393,
          0.8706010905417836,
          0.8697410552555204,
          0.8700407286818816,
          1.7101724964993152,
          0.8698747647370216,
          1.1436019729418514,
          0.8728297214462085,
          0.8730778092294592,
          4.42718053044095,
          0.8706808568100648,
          0.8702653847518225
        ],
        [
          2.664666895073316,
          0.8689951317272995,
          0.869251421221542,
          0.9958961819654067,
          0.8808269319879583,
          1.3028971690656286,
          0.8710438900309521,
          0.8693089858146368,
          0.869110268833023,
          0.8804195745883292,
          0.0,
          1.1019682801956818,
          0.8704426254933065,
          0.9946722100025764,
          0.8715574537047287,
          0.8696217710541422,
          0.8798584173915528,
          0.8692358774827607,
          0.8862666948454136,
          0.8692339436400704,
          0.8695514517556141,
          1.3512296169622349,
          0.8695991730807788,
          1.0934217905890482,
          0.8748375068170986,
          1.3111044195382253,
          5.639950852922417,
          1.3056501528375657,
          0.8700295361773087
        ],
        [
          3.2197419001498346,
          0.8711921004236151,
          0.871476274237862,
          1.110186304528953,
          0.8736053692077229,
          1.7572200251629477,
          0.8732873006005253,
          0.871571391029598,
          0.8713340480218896,
          0.9986991046619279,
          1.1019682801956818,
          0.0,
          1.0847131579239064,
          0.8769702928269193,
          0.9196503853346607,
          0.8719134645420811,
          0.8716908659842372,
          0.8715065038984758,
          0.9021858738263803,
          0.8713416521440362,
          0.8717703354521121,
          0.8746156672123354,
          0.8716959826428267,
          1.7736766638624464,
          1.0223259318057691,
          0.9301384096974085,
          3.3994734920328367,
          1.1474731335205877,
          0.8719949309418464
        ],
        [
          0.9473681999783305,
          0.8708675905629204,
          0.8711886077740757,
          1.267332380053497,
          0.8711288683365156,
          0.87084617475707,
          1.3340634070996364,
          0.8797874348145761,
          0.8710373038952858,
          0.8706003331927961,
          0.8704426254933065,
          1.0847131579239064,
          0.0,
          0.9283466114069397,
          0.8711751761799565,
          0.8713335491270734,
          0.8699640142448679,
          0.8712620614581018,
          0.8714261302701598,
          0.8709653226437413,
          0.8710199145859351,
          0.871490934378024,
          0.8710790447486378,
          0.8718246416586588,
          0.8718687730892316,
          0.8709136645855288,
          1.8700994520151906,
          0.8719070318356726,
          0.8712260719448269
        ],
        [
          4.591689646624098,
          0.8704285790159842,
          1.1353712183933482,
          1.6382130047257681,
          0.8730314994230535,
          1.9563251506755392,
          1.314101057292293,
          0.8794215059898108,
          0.8704903252285856,
          0.8753896684620861,
          0.9946722100025764,
          0.8769702928269193,
          0.9283466114069397,
          0.0,
          0.8737084081638166,
          0.871639201684865,
          1.293402289958783,
          1.2266268659604391,
          0.8728625513793795,
          0.8756744450895533,
          0.8710164384958546,
          1.7578919675445102,
          0.8709615141972107,
          1.1597877795476272,
          1.1311640334945716,
          0.9131182490826191,
          10.253637644699166,
          0.8727375060600812,
          0.9514090939126872
        ],
        [
          1.75747318762496,
          0.8701634554314338,
          0.8703681590489663,
          1.0801101210020732,
          1.0039591687844904,
          0.8716358343149144,
          0.8715735136763244,
          0.8704296766184098,
          0.8703052118041884,
          0.8713085985170501,
          0.8715574537047287,
          0.9196503853346607,
          0.8711751761799565,
          0.8737084081638166,
          0.0,
          0.8991641842778408,
          0.925719110356395,
          0.8703949252088523,
          0.8723647148906415,
          0.8703816009688585,
          1.6999217330926,
          0.8719994897107395,
          0.8707079080674397,
          1.8884174277003412,
          0.8773211797913189,
          0.902487586527524,
          2.5665916127446695,
          1.6293260865211734,
          0.8709670854490827
        ],
        [
          1.3290183878427366,
          0.8710776959436386,
          0.8712269829193269,
          0.887740748053998,
          0.9229977100122477,
          0.8684015264336759,
          0.8711689667795487,
          0.8711743382804256,
          0.8710972763679208,
          0.8701716637363615,
          0.8696217710541422,
          0.8719134645420811,
          0.8713335491270734,
          0.871639201684865,
          0.8991641842778408,
          0.0,
          1.120901933779551,
          0.871227623228552,
          0.8712660253102005,
          0.8712386441024494,
          0.871298230721496,
          0.8724691560019949,
          0.8710858381618655,
          0.8726347545127903,
          0.8714930639919091,
          0.8700309034360588,
          0.9350114460048603,
          0.8714420508700385,
          0.8714252300161051
        ],
        [
          1.130471332105469,
          0.8690193177622338,
          0.8692479835393141,
          0.871755424707727,
          0.9698918119540559,
          0.876441117792066,
          0.870343758502544,
          0.8692276444553131,
          0.8690842841792382,
          0.8701511086055749,
          0.8798584173915528,
          0.8716908659842372,
          0.8699640142448679,
          1.293402289958783,
          0.925719110356395,
          1.120901933779551,
          0.0,
          0.8693150525280713,
          0.8698199540903263,
          0.8692601355185616,
          0.8695289587776619,
          0.8707380296839634,
          0.8694011008294873,
          0.872397542047516,
          0.8712628405917376,
          0.8711967644736257,
          4.75761965043393,
          0.870492606898691,
          1.305304939194682
        ],
        [
          0.8654436686403364,
          0.8707824041164837,
          0.8711303760610345,
          0.8738726068070879,
          0.8706132877810155,
          0.8683466022168184,
          0.8711969613757882,
          0.8710219443780014,
          0.8709400611658707,
          0.8695997177139393,
          0.8692358774827607,
          0.8715065038984758,
          0.8712620614581018,
          1.2266268659604391,
          0.8703949252088523,
          0.871227623228552,
          0.8693150525280713,
          0.0,
          0.8710214298825864,
          0.87088006605416,
          0.870856586767708,
          0.8709624631770068,
          0.8708855434468054,
          0.8700226764884553,
          0.871034196520008,
          0.8694766087614645,
          0.9564756132984967,
          0.871303129904243,
          0.8709790585938891
        ],
        [
          1.14165753168528,
          0.8707663899066087,
          0.870998132592575,
          1.0978109441890271,
          0.8769672434181001,
          0.872111164137324,
          0.8713562133638562,
          0.8710087547389125,
          0.8708729128784249,
          0.8706010905417836,
          0.8862666948454136,
          0.9021858738263803,
          0.8714261302701598,
          0.8728625513793795,
          0.8723647148906415,
          0.8712660253102005,
          0.8698199540903263,
          0.8710214298825864,
          0.0,
          0.8709011520293619,
          0.8709478327533121,
          0.8763888485941428,
          0.8709456550851904,
          1.329935095627851,
          0.8720762774700717,
          1.275004728391213,
          1.7183768564707664,
          0.8716347082848189,
          0.8711916950795319
        ],
        [
          1.7145382076747664,
          0.8706650041153584,
          0.8708745022773385,
          0.868887352988648,
          0.870540564983182,
          0.8679568026493558,
          0.8708474357388286,
          0.8708215093950534,
          0.8707604746773293,
          0.8697410552555204,
          0.8692339436400704,
          0.8713416521440362,
          0.8709653226437413,
          0.8756744450895533,
          0.8703816009688585,
          0.8712386441024494,
          0.8692601355185616,
          0.87088006605416,
          0.8709011520293619,
          0.0,
          0.8708251808150781,
          0.8706571267749555,
          0.8706997705304955,
          0.8698890752721883,
          0.8717952963603225,
          0.8692982588614739,
          0.8581689327670192,
          0.8710012519805093,
          0.8707326274271096
        ],
        [
          1.4572815897424563,
          0.8706810349187498,
          0.8708469255264615,
          0.8694641311499832,
          0.8709453935329498,
          0.8684940621187024,
          0.8709062682862836,
          0.8708018485224477,
          0.870723703967062,
          0.8700407286818816,
          0.8695514517556141,
          0.8717703354521121,
          0.8710199145859351,
          0.8710164384958546,
          1.6999217330926,
          0.871298230721496,
          0.8695289587776619,
          0.870856586767708,
          0.8709478327533121,
          0.8708251808150781,
          0.0,
          0.8709500277243682,
          0.8707273697110772,
          0.8709941448371057,
          0.8913836617553729,
          0.8700548526900579,
          1.2949557115215349,
          0.8715075204379147,
          0.870824234016698
        ],
        [
          4.242132092061965,
          0.8704139417448941,
          0.8709888961083285,
          0.8890229952527016,
          0.872155991483304,
          3.942545322253074,
          0.8725123826037492,
          0.8706049792460795,
          0.8703811816938194,
          1.7101724964993152,
          1.3512296169622349,
          0.8746156672123354,
          0.871490934378024,
          1.7578919675445102,
          0.8719994897107395,
          0.8724691560019949,
          0.8707380296839634,
          0.8709624631770068,
          0.8763888485941428,
          0.8706571267749555,
          0.8709500277243682,
          0.0,
          0.870641597510426,
          1.3112207935782134,
          1.0752745932757877,
          1.1322183816352522,
          3.555921171861847,
          0.8715529095008843,
          0.8711057402339722
        ],
        [
          1.3045371120450822,
          0.8706109136490554,
          0.8708466268157405,
          0.8743075002678831,
          0.8706727477239488,
          0.8683074183581947,
          0.8708874610084106,
          0.8708055257910593,
          0.870712200409892,
          0.8698747647370216,
          0.8695991730807788,
          0.8716959826428267,
          0.8710790447486378,
          0.8709615141972107,
          0.8707079080674397,
          0.8710858381618655,
          0.8694011008294873,
          0.8708855434468054,
          0.8709456550851904,
          0.8706997705304955,
          0.8707273697110772,
          0.870641597510426,
          0.0,
          1.300099924528696,
          0.870940827443145,
          0.8697136574519999,
          1.7047934948201457,
          0.8712658527793583,
          0.8707332848428743
        ],
        [
          7.096426744668409,
          0.8696702685899939,
          0.8700665794504799,
          1.6012346520300715,
          2.367133695698274,
          0.9617648429909798,
          0.8724891665077396,
          0.8700023365520841,
          0.8697158758645861,
          1.1436019729418514,
          1.0934217905890482,
          1.7736766638624464,
          0.8718246416586588,
          1.1597877795476272,
          1.8884174277003412,
          0.8726347545127903,
          0.872397542047516,
          0.8700226764884553,
          1.329935095627851,
          0.8698890752721883,
          0.8709941448371057,
          1.3112207935782134,
          1.300099924528696,
          0.0,
          1.1789143146687844,
          1.6237699783708397,
          8.151957974225843,
          1.3303899171635871,
          0.8708107290939193
        ],
        [
          4.899530598737138,
          0.8705819339475727,
          0.8710342052937649,
          0.8760923681499129,
          1.3108365351241311,
          2.9180893025040873,
          0.872258453076259,
          0.8708340022519081,
          0.870581099835983,
          0.8728297214462085,
          0.8748375068170986,
          1.0223259318057691,
          0.8718687730892316,
          1.1311640334945716,
          0.8773211797913189,
          0.8714930639919091,
          0.8712628405917376,
          0.871034196520008,
          0.8720762774700717,
          0.8717952963603225,
          0.8913836617553729,
          1.0752745932757877,
          0.870940827443145,
          1.1789143146687844,
          0.0,
          1.7364685684991759,
          4.657266941132226,
          0.8722371220575523,
          0.87127270727846
        ],
        [
          8.86625619711914,
          0.8690665653213197,
          0.8757679198953876,
          0.9244586358895599,
          0.8782186787882061,
          3.1590648219578634,
          0.8718355525523815,
          0.8694791659322161,
          0.8691315121946142,
          0.8730778092294592,
          1.3111044195382253,
          0.9301384096974085,
          0.8709136645855288,
          0.9131182490826191,
          0.902487586527524,
          0.8700309034360588,
          0.8711967644736257,
          0.8694766087614645,
          1.275004728391213,
          0.8692982588614739,
          0.8700548526900579,
          1.1322183816352522,
          0.8697136574519999,
          1.6237699783708397,
          1.7364685684991759,
          0.0,
          8.23113683098945,
          0.8720288368233998,
          0.8702148412508431
        ],
        [
          43.28089170096291,
          0.8594868113410845,
          0.9942936922011298,
          20.110448394219542,
          2.9742764050401824,
          11.888082367336246,
          4.265996663726239,
          1.229011776097881,
          1.2821457906894043,
          4.42718053044095,
          5.639950852922417,
          3.3994734920328367,
          1.8700994520151906,
          10.253637644699166,
          2.5665916127446695,
          0.9350114460048603,
          4.75761965043393,
          0.9564756132984967,
          1.7183768564707664,
          0.8581689327670192,
          1.2949557115215349,
          3.555921171861847,
          1.7047934948201457,
          8.151957974225843,
          4.657266941132226,
          8.23113683098945,
          0.0,
          1.8317886154607583,
          2.0230905779755703
        ],
        [
          0.8832520264739101,
          0.8709082407680822,
          0.8712289623490533,
          0.8736831691242015,
          0.8717216651108014,
          0.8701249824173182,
          0.8719000310514708,
          0.8712512374369226,
          0.8711664106703308,
          0.8706808568100648,
          1.3056501528375657,
          1.1474731335205877,
          0.8719070318356726,
          0.8727375060600812,
          1.6293260865211734,
          0.8714420508700385,
          0.870492606898691,
          0.871303129904243,
          0.8716347082848189,
          0.8710012519805093,
          0.8715075204379147,
          0.8715529095008843,
          0.8712658527793583,
          1.3303899171635871,
          0.8722371220575523,
          0.8720288368233998,
          1.8317886154607583,
          0.0,
          0.8713308614096044
        ],
        [
          1.6315230425351759,
          0.8706386101882629,
          0.870930596085977,
          1.4765533975691172,
          0.8709403496740604,
          0.8691748204097043,
          0.9372314144696692,
          0.8708775910434032,
          0.8707280205736924,
          0.8702653847518225,
          0.8700295361773087,
          0.8719949309418464,
          0.8712260719448269,
          0.9514090939126872,
          0.8709670854490827,
          0.8714252300161051,
          1.305304939194682,
          0.8709790585938891,
          0.8711916950795319,
          0.8707326274271096,
          0.870824234016698,
          0.8711057402339722,
          0.8707332848428743,
          0.8708107290939193,
          0.87127270727846,
          0.8702148412508431,
          2.0230905779755703,
          0.8713308614096044,
          0.0
        ]
      ]
    },
    "region": {
      "alphabet": [
        "N",
        "S",
        "T",
        "?"
      ],
      "equilibrium_probabilities": [
        0.43746303039541096,
        0.259896823600635,
        0.3026401460039541
      ],
      "rate": 117.41476376402072,
      "transition_matrix": [
        [
          0.0,
          2.6492440335110135,
          1.3392019416219452
        ],
        [
          2.6492440335110135,
          0.0,
          0.2732355070320833
        ],
        [
          1.3392019416219452,
          0.2732355070320833,
          0.0
        ]
      ]
    }
  },
  "nodes": {
    "A/Alabama/02/2016": {
      "country": "USA",
      "country_confidence": {
        "USA": 1.0
      },
      "country_entropy": -1.000088900581841e-12,
      "region": "N",
      "region_confidence": {
        "N": 0.9999999999999999
      },
      "region_entropy": -9.99866855976916e-13
    },
    "A/Alabama/18/2017": {
      "country": "USA",
      "country_confidence": {
        "USA": 1.0
      },
      "country_entropy": -1.000088900581841e-12,
      "region": "N",
      "region_confidence": {
        "N": 1.0
      },
      "region_entropy": -1.000088900581841e-12
    },
    "A/Alaska/05/2016": {
      "country": "USA",
      "country_confidence": {
        "USA": 1.0
      },
      "country_entropy": -1.000088900581841e-12,
      "region": "N",
      "region_confidence": {
        "N": 1.0
      },
      "region_entropy": -1.000088900581841e-12
    },
    "A/Alaska/16/2017": {
      "country": "USA",
      "country_confidence": {
        "USA": 1.0
      },
      "country_entropy": -1.000088900581841e-12,
      "region": "N",
      "region_confidence": {
        "N": 1.0
      },
      "region_entropy": -1.000088900581841e-12
    },
    "A/Alaska/19/2017": {
      "country": "USA",
      "country_confidence": {
        "USA": 1.0
      },
      "country_entropy": -1.000088900581841e-12,
      "region": "N",
      "region_confidence": {
        "N": 1.0
      },
      "region_entropy": -1.000088900581841e-12
    },
    "A/Alaska/23/2016": {
      "country": "USA",
      "country_confidence": {
        "USA": 1.0
      },
      "country_entropy": -1.000088900581841e-12,
      "region": "N",
      "region_confidence": {
        "N": 0.9999999999999999
      },
      "region_entropy": -9.99866855976916e-13
    },
    "A/Alaska/254/2015": {
      "country": "USA",
      "country_confidence": {
        "USA": 1.0
      },
      "country_entropy": -1.000088900581841e-12,
      "region": "N",
      "region_confidence": {
        "N": 1.0
      },
      "region_entropy": -1.000088900581841e-12
    },
    "A/Alaska/257/2015": {
      "country": "USA",
      "country_confidence": {
        "USA": 1.0
      },
      "country_entropy": -1.000088900581841e-12,
      "region": "N",
      "region_confidence": {
        "N": 1.0
      },
      "region_entropy": -1.000088900581841e-12
    },
    "A/Alaska/264/2015": {
      "country": "USA",
      "country_confidence": {
        "USA": 1.0
      },
      "country_entropy": -1.000088900581841e-12,
      "region": "N",
      "region_confidence": {
        "N": 1.0
      },
      "region_entropy": -1.000088900581841e-12
    },
    "A/Alaska/29/2016": {
      "country": "USA",
      "country_confidence": {
        "USA": 1.0
      },
      "country_entropy": -1.000088900581841e-12,
      "region": "N",
      "region_confidence": {
        "N": 1.0
      },
      "region_entropy": -1.000088900581841e-12
    },
    "A/Alaska/36/2017": {
      "country": "USA",
      "country_confidence": {
        "USA": 1.0
      },
      "country_entropy": -1.000088900581841e-12,
      "region": "N",
      "region_confidence": {
        "N": 1.0
      },
      "region_entropy": -1.000088900581841e-12
    },
    "A/Alaska/37/2017": {
      "country": "USA",
      "country_confidence": {
        "USA": 1.0
      },
      "country_entropy": -1.000088900581841e-12,
      "region": "N",
      "region_confidence": {
        "N": 0.9999999999999999
      },
      "region_entropy": -9.99866855976916e-13
    },
    "A/Alaska/47/2017": {
      "country": "USA",
      "country_confidence": {
        "USA": 0.9999999999999999
      },
      "country_entropy": -9.99866855976916e-13,
      "region": "N",
      "region_confidence": {
        "N": 1.0
      },
      "region_entropy": -1.000088900581841e-12
    },
    "A/Alaska/55/2017": {
      "country": "USA",
      "country_confidence": {
        "USA": 1.0
      },
      "country_entropy": -1.000088900581841e-12,
      "region": "N",
      "region_confidence": {
        "N": 1.0
      },
      "region_entropy": -1.000088900581841e-12
    },
    "A/Alaska/69/2017": {
      "country": "USA",
      "country_confidence": {
        "USA": 0.9999999999999999
      },
      "country_entropy": -9.99866855976916e-13,
      "region": "N",
      "region_confidence": {
        "N": 0.9999999999999999
      },
      "region_entropy": -9.99866855976916e-13
    },
    "A/Alberta/004/2017": {
      "country": "Canada",
      "country_confidence": {
        "Canada": 1.0
      },
      "country_entropy": -1.000088900581841e-12,
      "region": "N",
      "region_confidence": {
        "N": 0.9999999999999999
      },
      "region_entropy": -9.99866855976916e-13
    },
    "A/Alberta/017/2018": {
      "country": "Canada",
      "country_confidence": {
        "Canada": 1.0
      },
      "country_entropy": -1.000088900581841e-12,
      "region": "N",
      "region_confidence": {
        "N": 1.0
      },
      "region_entropy": -1.000088900581841e-12
    },
    "A/Alberta/018/2018": {
      "country": "Canada",
      "country_confidence": {
        "Canada": 1.0
      },
      "country_entropy": -1.000088900581841e-12,
      "region": "N",
      "region_confidence": {
        "N": 1.0
      },
      "region_entropy": -1.000088900581841e-12
    },
    "A/Alberta/025/2018": {
      "country": "Canada",
      "country_confidence": {
        "Canada": 1.0
      },
      "country_entropy": -1.000088900581841e-12,
      "region": "N",
      "region_confidence": {
        "N": 1.0
      },
      "region_entropy": -1.000088900581841e-12
    },
    "A/Alberta/030/2018": {
      "country": "Canada",
      "country_confidence": {
        "Canada": 1.0
      },
      "country_entropy": -1.000088900581841e-12,
      "region": "N",
      "region_confidence": {
        "N": 1.0
      },
      "region_entropy": -1.000088900581841e-12
    },
    "A/Alberta/053/2017": {
      "country": "Canada",
      "country_confidence": {
        "Canada": 0.9999999999999999
      },
      "country_entropy": -9.99866855976916e-13,
      "region": "N",
      "region_confidence": {
        "N": 1.0
      },
      "region_entropy": -1.000088900581841e-12
    },
    "A/Alberta/150/2016": {
      "country": "Canada",
      "country_confidence": {
        "Canada": 1.0
      },
      "country_entropy": -1.000088900581841e-12,
      "region": "N",
      "region_confidence": {
        "N": 0.9999999999999999
      },
      "region_entropy": -9.99866855976916e-13
    },
    "A/Alberta/151/2016": {
      "country": "Canada",
      "country_confidence": {
        "Canada": 1.0
      },
      "country_entropy": -1.000088900581841e-12,
      "region": "N",
      "region_confidence": {
        "N": 0.9999999999999999
      },
      "region_entropy": -9.99866855976916e-13
    },
    "A/Alberta/153/2016": {
      "country": "Canada",
      "country_confidence": {
        "Canada": 1.0
      },
      "country_entropy": -1.000088900581841e-12,
      "region": "N",
      "region_confidence": {
        "N": 1.0
      },
      "region_entropy": -1.000088900581841e-12
    },
    "A/Alberta/154/2016": {
      "country": "Canada",
      "country_confidence": {
        "Canada": 1.0
      },
      "country_entropy": -1.000088900581841e-12,
      "region": "N",
      "region_confidence": {
        "N": 0.9999999999999999
      },
      "region_entropy": -9.99866855976916e-13
    },
    "A/Alberta/157/2016": {
      "country": "Canada",
      "country_confidence": {
        "Canada": 1.0
      },
      "country_entropy": -1.000088900581841e-12,
      "region": "N",
      "region_confidence": {
        "N": 1.0
      },
      "region_entropy": -1.000088900581841e-12
    },
    "A/Alberta/158/2016": {
      "country": "Canada",
      "country_confidence": {
        "Canada": 1.0
      },
      "country_entropy": -1.000088900581841e-12,
      "region": "N",
      "region_confidence": {
        "N": 0.9999999999999999
      },
      "region_entropy": -9.99866855976916e-13
    },
    "A/Alberta/165/2016": {
      "country": "Canada",
      "country_confidence": {
        "Canada": 1.0
      },
      "country_entropy": -1.000088900581841e-12,
      "region": "N",
      "region_confidence": {
        "N": 0.9999999999999999
      },
      "region_entropy": -9.99866855976916e-13
    },
    "A/Alberta/166/2016": {
      "country": "Canada",
      "country_confidence": {
        "Canada": 1.0
      },
      "country_entropy": -1.000088900581841e-12,
      "region": "N",
      "region_confidence": {
        "N": 0.9999999999999999
      },
      "region_entropy": -9.99866855976916e-13
    },
    "A/Alberta/178/2016": {
      "country": "Canada",
      "country_confidence": {
        "Canada": 1.0
      },
      "country_entropy": -1.000088900581841e-12,
      "region": "N",
      "region_confidence": {
        "N": 1.0
      },
      "region_entropy": -1.000088900581841e-12
    },
    "A/Alberta/181/2016": {
      "country": "Canada",
      "country_confidence": {
        "Canada": 1.0
      },
      "country_entropy": -1.000088900581841e-12,
      "region": "N",
      "region_confidence": {
        "N": 0.9999999999999999
      },
      "region_entropy": -9.99866855976916e-13
    },
    "A/Alberta/225/2016": {
      "country": "Canada",
      "country_confidence": {
        "Canada": 1.0
      },
      "country_entropy": -1.000088900581841e-12,
      "region": "N",
      "region_confidence": {
        "N": 0.9999999999999999
      },
      "region_entropy": -9.99866855976916e-13
    },
    "A/Alberta/419/2017": {
      "country": "Canada",
      "country_confidence": {
        "Canada": 1.0
      },
      "country_entropy": -1.000088900581841e-12,
      "region": "N",
      "region_confidence": {
        "N": 1.0
      },
      "region_entropy": -1.000088900581841e-12
    },
    "A/Alberta/52/2016": {
      "country": "Canada",
      "country_confidence": {
        "Canada": 1.0
      },
      "country_entropy": -1.000088900581841e-12,
      "region": "N",
      "region_confidence": {
        "N": 1.0
      },
      "region_entropy": -1.000088900581841e-12
    },
    "A/Arizona/23/2015": {
      "country": "USA",
      "country_confidence": {
        "USA": 0.9999999999999999
      },
      "country_entropy": -9.99866855976916e-13,
      "region": "N",
      "region_confidence": {
        "N": 1.0
      },
      "region_entropy": -1.000088900581841e-12
    },
    "A/Arizona/29/2015": {
      "country": "USA",
      "country_confidence": {
        "USA": 1.0
      },
      "country_entropy": -1.000088900581841e-12,
      "region": "N",
      "region_confidence": {
        "N": 1.0
      },
      "region_entropy": -1.000088900581841e-12
    },
    "A/Arizona/32/2017": {
      "country": "USA",
      "country_confidence": {
        "USA": 1.0
      },
      "country_entropy": -1.000088900581841e-12,
      "region": "N",
      "region_confidence": {
        "N": 1.0
      },
      "region_entropy": -1.000088900581841e-12
    },
    "A/Arizona/38/2017": {
      "country": "USA",
      "country_confidence": {
        "USA": 1.0
      },
      "country_entropy": -1.000088900581841e-12,
      "region": "N",
      "region_confidence": {
        "N": 1.0
      },
      "region_entropy": -1.000088900581841e-12
    },
    "A/Arizona/41/2016": {
      "country": "USA",
      "country_confidence": {
        "USA": 0.9999999999999999
      },
      "country_entropy": -9.99866855976916e-13,
      "region": "N",
      "region_confidence": {
        "N": 1.0
      },
      "region_entropy": -1.000088900581841e-12
    },
    "A/Arizona/42/2017": {
      "country": "USA",
      "country_confidence": {
        "USA": 1.0
      },
      "country_entropy": -1.000088900581841e-12,
      "region": "N",
      "region_confidence": {
        "N": 0.9999999999999999
      },
      "region_entropy": -9.99866855976916e-13
    },
    "A/Arizona/43/2017": {
      "country": "USA",
      "country_confidence": {
        "USA": 1.0
      },
      "country_entropy": -1.000088900581841e-12,
      "region": "N",
      "region_confidence": {
        "N": 1.0
      },
      "region_entropy": -1.000088900581841e-12
    },
    "A/Arizona/44/2016": {
      "country": "USA",
      "country_confidence": {
        "USA": 1.0
      },
      "country_entropy": -1.000088900581841e-12,
      "region": "N",
      "region_confidence": {
        "N": 0.9999999999999999
      },
      "region_entropy": -9.99866855976916e-13
    },
    "A/Arizona/48/2017": {
