{
  "generated_by": {
    "program": "augur",
    "version": "9.0.0"
  },
  "models": {
    "country": {
      "alphabet": [
        "american_samoa",
        "angola",
        "australia",
        "brazil",
        "canada",
        "china",
        "colombia",
        "cuba",
        "dominican_republic",
        "ecuador",
        "el_salvador",
        "fiji",
        "french_guiana",
        "french_polynesia",
        "guadeloupe",
        "guatemala",
        "haiti",
        "honduras",
        "jamaica",
        "japan",
        "martinique",
        "mexico",
        "nicaragua",
        "panama",
        "peru",
        "puerto_rico",
        "saint_barthelemy",
        "singapore",
        "suriname",
        "thailand",
        "usa",
        "usvi",
        "venezuela",
        "vietnam",
        "?"
      ],
      "equilibrium_probabilities": [
        0.03177612979530119,
        0.028736626274955376,
        0.030730687966499595,
        0.02914446373008982,
        0.028889619370093777,
        0.03314092011274047,
        0.02798003943326856,
        0.030864650174853455,
        0.026735763205722622,
        0.030113963759958444,
        0.0296688767962068,
        0.030741831431200916,
        0.03098815735092633,
        0.029132430366417522,
        0.03060921115035596,
        0.030108832230296364,
        0.027086607563980673,
        0.02324398260312413,
        0.03038228017241455,
        0.030288049330389862,
        0.02929922518905061,
        0.030530629912204232,
        0.030327487116086755,
        0.03025095474615487,
        0.030099318258747947,
        0.02383421679738886,
        0.02868583471370132,
        0.03416310272181479,
        0.027247545442181265,
        0.027705997855045794,
        0.030821379443534778,
        0.029001785272192576,
        0.027114526331936655,
        0.03055487338116319
      ],
      "rate": 85.71429621528894,
      "transition_matrix": [
        [
          0.0,
          0.9414977586559559,
          1.1028150245508297,
          0.938215774505511,
          0.9417152884924074,
          2.854427960578084,
          0.9404070464656274,
          0.9414374631827809,
          0.9408779300049667,
          0.9415167860908367,
          0.9416396677439827,
          1.090328683878652,
          0.9415365366628606,
          1.3008673820877994,
          0.9417943235482691,
          0.9415972907272225,
          0.9416441859015868,
          0.9408340251693144,
          0.941642852071596,
          0.9415535499481554,
          0.9416992197674142,
          0.9400063203709388,
          0.9413914456640802,
          0.9414586700639375,
          0.9415340319473697,
          0.9411211506932075,
          0.9415524214567396,
          0.9382661479862108,
          0.9414884660672278,
          0.9423634250005525,
          0.9409376003461796,
          0.9412298919505422,
          0.9415047474188768,
          0.9423652408499307
        ],
        [
          0.9414977586559559,
          0.0,
          0.9417424355058113,
          1.4106447176958752,
          0.9414934470946775,
          0.9411556351444608,
          0.9403451426123836,
          0.9412155031456986,
          0.940743751692691,
          0.9412934196982832,
          0.9414081930624878,
          0.9417326746733765,
          0.9413057710614583,
          0.942162951229381,
          0.9415420902240329,
          0.9413664707744345,
          0.9414002207543116,
          0.9407399295114768,
          0.9414052005692434,
          0.9413251970410548,
          0.941467802378823,
          0.9399426638510974,
          0.9412037676483875,
          0.941239902706237,
          0.9413091215253222,
          0.9410003034979336,
          0.941343990040452,
          0.9383264965950145,
          0.9412992117810824,
          0.9417419403846528,
          0.9408335573016026,
          0.9411177112851119,
          0.9412678962508634,
          0.9418119091510289
        ],
        [
          1.1028150245508297,
          0.9417424355058113,
          0.0,
          0.938558463098803,
          0.9419537278163629,
          0.9423026348066946,
          0.9406802796503141,
          0.9417029810880124,
          0.9411081908032387,
          0.9417726282813405,
          0.9418873917088517,
          1.271886172432619,
          0.9417995071797839,
          1.1439180604313592,
          0.9420457309317964,
          0.941850395631317,
          0.9418642025876643,
          0.9410603787483107,
          0.9418972142229233,
          0.9418097997055374,
          0.9419423930708755,
          0.9403136545384942,
          0.941649212176874,
          0.9417176289141932,
          0.9417891756849845,
          0.9413359190284386,
          0.9417948529146537,
          0.9386570702854927,
          0.9417204823641581,
          0.9424821350679013,
          0.9412159066263505,
          0.9414812216422439,
          0.9416819879091021,
          0.9425415903596621
        ],
        [
          0.938215774505511,
          1.4106447176958752,
          0.938558463098803,
          0.0,
          1.4164156714791842,
          0.9404283572422586,
          1.8781014554779636,
          0.9380425087922902,
          1.9035885960681287,
          0.9380718381574006,
          0.9382689056760996,
          0.9385425726490052,
          0.9453784099118827,
          1.2826464442410959,
          0.9412913541001157,
          0.9382703388622439,
          2.304917835382376,
          1.3803859007302657,
          0.9387140648098105,
          0.9380889322068432,
          0.94623882882283,
          0.9741230628641828,
          0.9702977672939567,
          0.9380225474655018,
          0.9380742698241131,
          2.6178629906386828,
          1.4073040460279993,
          1.403447456840911,
          1.873877810199567,
          0.9390460885679119,
          1.2069150088873704,
          2.7960661000129288,
          1.8701643514196216,
          0.9387131543937413
        ],
        [
          0.9417152884924074,
          0.9414934470946775,
          0.9419537278163629,
          1.4164156714791842,
          0.0,
          0.9413855659412765,
          1.4087082803355304,
          0.9416777977278344,
          1.2177820872665939,
          0.9415090720006218,
          0.94165970713594,
          0.9419440180300198,
          0.9416042692409319,
          0.9423683820053236,
          0.942182859570173,
          0.968398093244064,
          0.9417542577011829,
          0.9996886158186941,
          0.9453553809748171,
          0.941690902056911,
          0.9439485362776369,
          1.334343498291143,
          0.9415396567350431,
          0.9414722777308321,
          0.9415245105933363,
          0.9414184319649818,
          0.9415457449512113,
          0.9385454995006528,
          0.9422684540338752,
          0.9419321722335343,
          0.9415783734689064,
          1.233580527484363,
          0.9416763476835587,
          0.9420221306200092
        ],
        [
          2.854427960578084,
          0.9411556351444608,
          0.9423026348066946,
          0.9404283572422586,
          0.9413855659412765,
          0.0,
          0.9400514001014004,
          0.9410757775284546,
          0.9474483766546569,
          0.9411571464279088,
          0.9412909234138528,
          0.9422692274557086,
          0.9411709837903431,
          0.9427581042099162,
          0.9414540121039914,
          0.941241103412783,
          0.9412285502600257,
          0.9405156647974175,
          0.9412977011175102,
          0.9412015219214231,
          0.941356294868843,
          0.9395812423721391,
          0.9410321820896558,
          0.9410948872782515,
          0.9411753078773222,
          0.9408313581202932,
          0.9412132698448441,
          0.9377151568047487,
          0.9411675686452149,
          0.9416834478994671,
          0.9405662091642222,
          0.9430717590262329,
          1.9008747828173225,
          0.9417520799530377
        ],
        [
          0.9404070464656274,
          0.9403451426123836,
          0.9406802796503141,
          1.8781014554779636,
          1.4087082803355304,
          0.9400514001014004,
          0.0,
          0.9402678835564484,
          1.411497211607269,
          1.4121445542811626,
          0.9403956919125745,
          0.940670446809619,
          0.9402569275663001,
          0.9411981665852821,
          1.2323993162951075,
          0.9403455587789583,
          0.9406990557229674,
          0.9400115556151716,
          0.9404380401386621,
          0.9403022272706361,
          1.7573811213151302,
          0.9405132290237035,
          0.9401905228821128,
          1.8882110993339198,
          1.412108909023572,
          0.9402205626722877,
          0.9403806408558086,
          0.9372563617801046,
          0.9403863230302536,
          0.9407830699794532,
          0.9398798564561959,
          0.9404818167785058,
          1.4123052692144091,
          0.940753882231782
        ],
        [
          0.9414374631827809,
          0.9412155031456986,
          0.9417029810880124,
          0.9380425087922902,
          0.9416777977278344,
          0.9410757775284546,
          0.9402678835564484,
          0.0,
          2.272523397894572,
          0.9412206536734974,
          0.9415872467663556,
          0.9416924368131929,
          0.9412784286252351,
          0.9420994678230807,
          1.0656527016146904,
          0.9425911119041017,
          0.9416136975067578,
          1.3435353906811813,
          0.9416398654012956,
          0.9413389166072619,
          0.9414709488968337,
          1.0109422097797405,
          0.9412307910344306,
          0.9411685441882983,
          0.9412375572978933,
          0.9409767408316843,
          0.9412742039914527,
          0.9380179750736293,
          0.9412212851163714,
          0.9417091983814854,
          0.9410178927159232,
          0.941411341637354,
          0.9412433982265567,
          0.9417782750604113
        ],
        [
          0.9408779300049667,
          0.940743751692691,
          0.9411081908032387,
          1.9035885960681287,
          1.2177820872665939,
          0.9474483766546569,
          1.411497211607269,
          2.272523397894572,
          0.0,
          0.9407087191142973,
          0.9408186619139003,
          0.9410988631893493,
          1.4124183360737348,
          0.9417761368234406,
          2.711131282379958,
          0.9407802087817972,
          1.738954986588894,
          0.9407689614780053,
          2.2413253686988077,
          1.8838032879710411,
          0.9414324890913907,
          0.9396986762579569,
          0.9407055995601219,
          0.9439829294511319,
          0.9407234159470516,
          0.9412418647014439,
          0.9434244088090062,
          0.9378765567719121,
          0.9409371891956047,
          0.9411686046581539,
          2.364566737793574,
          2.1224229998907633,
          1.4009112292851322,
          0.9411767982877778
        ],
        [
          0.9415167860908367,
          0.9412934196982832,
          0.9417726282813405,
          0.9380718381574006,
          0.9415090720006218,
          0.9411571464279088,
          1.4121445542811626,
          0.9412206536734974,
          0.9407087191142973,
          0.0,
          0.9414220726045307,
          0.94176241016909,
          0.9413142564259183,
          0.9421541850494134,
          0.9416492647983538,
          0.9413785434387844,
          0.9413426932924729,
          0.9406895055911345,
          0.9414190848147516,
          0.9413354267116157,
          0.9415784333552581,
          0.9398725074467407,
          0.9411894142798874,
          0.941258335492762,
          0.9413224786977787,
          0.9409706379630695,
          0.9413455740334733,
          0.9381871226873862,
          0.9412951536997064,
          0.9417704912904523,
          0.9407536652985187,
          0.9410269336866731,
          0.9412629955731776,
          0.941845275818614
        ],
        [
          0.9416396677439827,
          0.9414081930624878,
          0.9418873917088517,
          0.9382689056760996,
          0.94165970713594,
          0.9412909234138528,
          0.9403956919125745,
          0.9415872467663556,
          0.9408186619139003,
          0.9414220726045307,
          0.0,
          0.9418773847211532,
          0.941437681715214,
          0.9422566438889397,
          0.9416813698273913,
          0.9998373120171219,
          0.9414504368203432,
          1.0373345835086603,
          0.9415384029034655,
          0.9414557328683774,
          0.9416335250577593,
          1.7902352192503825,
          0.941818876857547,
          0.9413673860203112,
          0.941438219688199,
          0.9411132227993603,
          0.9414593887053211,
          0.9383674160351031,
          0.9414039818406419,
          0.9418731676617723,
          0.9411492156125583,
          0.9411473885446408,
          0.9413676203442727,
          0.9419581296793348
        ],
        [
          1.090328683878652,
          0.9417326746733765,
          1.271886172432619,
          0.9385425726490052,
          0.9419440180300198,
          0.9422692274557086,
          0.940670446809619,
          0.9416924368131929,
          0.9410988631893493,
          0.94176241016909,
          0.9418773847211532,
          0.0,
          0.9417889813639709,
          1.1291806926626806,
          0.9420354082729288,
          0.9418402113466039,
          0.9418513166941094,
          0.9410517585550993,
          0.9418869229374971,
          0.9417995266118461,
          0.9419324907536178,
          0.9403028815033414,
          0.9416391588473421,
          0.9417073420707023,
          0.9417789689542602,
          0.9413276962851185,
          0.9417851292679745,
          0.9386441070696251,
          0.9417112347936579,
          0.9424597156786072,
          0.9412054260703374,
          0.9414710978746716,
          0.9416727567215463,
          0.9425220957793861
        ],
        [
          0.9415365366628606,
          0.9413057710614583,
          0.9417995071797839,
          0.9453784099118827,
          0.9416042692409319,
          0.9411709837903431,
          0.9402569275663001,
          0.9412784286252351,
          1.4124183360737348,
          0.9413142564259183,
          0.941437681715214,
          0.9417889813639709,
          0.0,
          0.9421935684244743,
          0.9416896850238378,
          0.9413930886979719,
          0.9414230337254162,
          0.940681917077358,
          0.9423129325650029,
          0.9413559756848274,
          0.941497584893429,
          0.9398429428408267,
          0.9411989700992062,
          0.941258687452198,
          0.941331184002135,
          0.9409816946097285,
          0.9413612901435772,
          0.9381124004764794,
          1.4049748462174718,
          0.9417959786847055,
          0.9407702251494982,
          0.9458245720283559,
          0.9412840474997681,
          0.9418742993736657
        ],
        [
          1.3008673820877994,
          0.942162951229381,
          1.1439180604313592,
          1.2826464442410959,
          0.9423683820053236,
          0.9427581042099162,
          0.9411981665852821,
          0.9420994678230807,
          0.9417761368234406,
          0.9421541850494134,
          0.9422566438889397,
          1.1291806926626806,
          0.9421935684244743,
          0.0,
          0.9424778948668143,
          0.94222780767092,
          1.1405399276990238,
          0.9414581942474685,
          0.942277110937748,
          0.9421921683034278,
          0.942308957739227,
          0.9407869145868647,
          0.9420495426079004,
          0.9421039207107298,
          0.9421696772376664,
          0.9418180337453625,
          0.9422120661547995,
          0.9473314108985391,
          0.9421683470365839,
          1.3323508732422404,
          0.9417823141048531,
          0.9421311368067183,
          0.9421309832767674,
          1.2518942883727568
        ],
        [
          0.9417943235482691,
          0.9415420902240329,
          0.9420457309317964,
          0.9412913541001157,
          0.942182859570173,
          0.9414540121039914,
          1.2323993162951075,
          1.0656527016146904,
          2.711131282379958,
          0.9416492647983538,
          0.9416813698273913,
          0.9420354082729288,
          0.9416896850238378,
          0.9424778948668143,
          0.0,
          0.9416423072064003,
          1.1835422540968872,
          0.9409343583990734,
          0.9421678376009801,
          0.9417975450934309,
          1.2375049938617384,
          0.9413319393045351,
          0.9414418150854237,
          0.9416951864755249,
          0.9416694371118149,
          0.9411759789614865,
          0.9416060499597292,
          0.938427522623578,
          0.9415322291886865,
          0.9420177352217771,
          0.9414708818399973,
          0.941989556918265,
          0.941690073765967,
          0.9421183129049591
        ],
        [
          0.9415972907272225,
          0.9413664707744345,
          0.941850395631317,
          0.9382703388622439,
          0.968398093244064,
          0.941241103412783,
          0.9403455587789583,
          0.9425911119041017,
          0.9407802087817972,
          0.9413785434387844,
          0.9998373120171219,
          0.9418402113466039,
          0.9413930886979719,
          0.94222780767092,
          0.9416423072064003,
          0.0,
          0.9414120012541115,
          2.421914489991624,
          0.9414964658913075,
          0.9414124380388873,
          0.9416005642860772,
          1.8777444511112877,
          0.9433288597934265,
          0.9413228545629424,
          0.9413949547315981,
          0.9412810605419596,
          0.9414185020424374,
          0.9382731054727524,
          0.9413644068774155,
          0.9418405120322803,
          0.9415660493933298,
          0.941107027600018,
          0.9413277504544727,
          0.94192255000858
        ],
        [
          0.9416441859015868,
          0.9414002207543116,
          0.9418642025876643,
          2.304917835382376,
          0.9417542577011829,
          0.9412285502600257,
          0.9406990557229674,
          0.9416136975067578,
          1.738954986588894,
          0.9413426932924729,
          0.9414504368203432,
          0.9418513166941094,
          0.9414230337254162,
          1.1405399276990238,
          1.1835422540968872,
          0.9414120012541115,
          0.0,
          0.9410222888304423,
          0.941709440383101,
          0.9414964266315212,
          0.9416030457598298,
          0.9401681533328201,
          0.9413249114660678,
          0.9412956907498147,
          0.9413574648633244,
          0.9413013800639335,
          0.9414649149577212,
          0.9386234959231685,
          0.9414467882246643,
          0.9419438076289002,
          1.4137431312488329,
          0.9419744274663815,
          0.9414965640356994,
          0.9419692866306311
        ],
        [
          0.9408340251693144,
          0.9407399295114768,
          0.9410603787483107,
          1.3803859007302657,
          0.9996886158186941,
          0.9405156647974175,
          0.9400115556151716,
          1.3435353906811813,
          0.9407689614780053,
          0.9406895055911345,
          1.0373345835086603,
          0.9410517585550993,
          0.940681917077358,
          0.9414581942474685,
          0.9409343583990734,
          2.421914489991624,
          0.9410222888304423,
          0.0,
          0.9407841875778715,
          0.940712171196204,
          0.9409975312898479,
          6.329751093788119,
          5.045339499553766,
          0.9406437484536644,
          0.9407025967175247,
          1.2253093771130088,
          0.9407816494019884,
          0.9382320992014631,
          0.9407960627650668,
          0.9411278069117974,
          1.8354802130229129,
          0.9412495810654686,
          0.9407734613341384,
          0.9411243774451387
        ],
        [
          0.941642852071596,
          0.9414052005692434,
          0.9418972142229233,
          0.9387140648098105,
          0.9453553809748171,
          0.9412977011175102,
          0.9404380401386621,
          0.9416398654012956,
          2.2413253686988077,
          0.9414190848147516,
          0.9415384029034655,
          0.9418869229374971,
          0.9423129325650029,
          0.942277110937748,
          0.9421678376009801,
          0.9414964658913075,
          0.941709440383101,
          0.9407841875778715,
          0.0,
          0.9415836186054397,
          0.9415968763767422,
          0.9399808105833669,
          0.9413042657392359,
          0.9413685506949899,
          0.9414356282584463,
          0.9412232723705409,
          0.9414625527373889,
          0.938290884500239,
          0.9414556002338653,
          0.9418834614124068,
          0.9452968755086689,
          1.193401038723194,
          0.9415218512924717,
          0.9419700139429567
        ],
        [
          0.9415535499481554,
          0.9413251970410548,
          0.9418097997055374,
          0.9380889322068432,
          0.941690902056911,
          0.9412015219214231,
          0.9403022272706361,
          0.9413389166072619,
          1.8838032879710411,
          0.9413354267116157,
          0.9414557328683774,
          0.9417995266118461,
          0.9413559756848274,
          0.9421921683034278,
          0.9417975450934309,
          0.9414124380388873,
          0.9414964266315212,
          0.940712171196204,
          0.9415836186054397,
          0.0,
          0.9415141625535831,
          0.9398970398183618,
          0.9412226162686593,
          0.9412831761386447,
          0.9413519620244489,
          0.9409954671517892,
          0.9413812401792725,
          0.938206911317989,
          0.9413253018937056,
          0.9418043184383625,
          0.9408087427402455,
          0.9413324006791142,
          0.9413078681790321,
          0.9418827246672747
        ],
        [
          0.9416992197674142,
          0.941467802378823,
          0.9419423930708755,
          0.94623882882283,
          0.9439485362776369,
          0.941356294868843,
          1.7573811213151302,
          0.9414709488968337,
          0.9414324890913907,
          0.9415784333552581,
          0.9416335250577593,
          0.9419324907536178,
          0.941497584893429,
          0.942308957739227,
          1.2375049938617384,
          0.9416005642860772,
          0.9416030457598298,
          0.9409975312898479,
          0.9415968763767422,
          0.9415141625535831,
          0.0,
          1.4120872525602208,
          0.9414286750908523,
          0.9416307562163305,
          0.9415987824203439,
          0.9411339233507044,
          0.941518235264328,
          0.938474845695812,
          0.9414642582292561,
          0.9419229083800101,
          0.9410138342514129,
          0.9412289902039535,
          0.9415205243582069,
          0.9420122468973581
        ],
        [
          0.9400063203709388,
          0.9399426638510974,
          0.9403136545384942,
          0.9741230628641828,
          1.334343498291143,
          0.9395812423721391,
          0.9405132290237035,
          1.0109422097797405,
          0.9396986762579569,
          0.9398725074467407,
          1.7902352192503825,
          0.9403028815033414,
          0.9398429428408267,
          0.9407869145868647,
          0.9413319393045351,
          1.8777444511112877,
          0.9401681533328201,
          6.329751093788119,
          0.9399808105833669,
          0.9398970398183618,
          1.4120872525602208,
          0.0,
          1.2709633809977556,
          0.9398107925681412,
          0.9398898136799667,
          0.9414410784018818,
          0.939997891902325,
          0.9365465322704446,
          0.9400270378427134,
          0.9404542765828482,
          1.3757052238910172,
          0.9399396959861037,
          0.9399982595085313,
          0.940395254921351
        ],
        [
          0.9413914456640802,
          0.9412037676483875,
          0.941649212176874,
          0.9702977672939567,
          0.9415396567350431,
          0.9410321820896558,
          0.9401905228821128,
          0.9412307910344306,
          0.9407055995601219,
          0.9411894142798874,
          0.941818876857547,
          0.9416391588473421,
          0.9411989700992062,
          0.9420495426079004,
          0.9414418150854237,
          0.9433288597934265,
          0.9413249114660678,
          5.045339499553766,
          0.9413042657392359,
          0.9412226162686593,
          0.9414286750908523,
          1.2709633809977556,
          0.0,
          0.941132361338348,
          0.9412059719328579,
          0.9417633617632455,
          0.9412565668745972,
          0.9380565228183873,
          0.941225643899478,
          0.9416555806015133,
          1.0028317122182986,
          0.9410375190127681,
          0.9411900021515258,
          0.9417208886915984
        ],
        [
          0.9414586700639375,
          0.941239902706237,
          0.9417176289141932,
          0.9380225474655018,
          0.9414722777308321,
          0.9410948872782515,
          1.8882110993339198,
          0.9411685441882983,
          0.9439829294511319,
          0.941258335492762,
          0.9413673860203112,
          0.9417073420707023,
          0.941258687452198,
          0.9421039207107298,
          0.9416951864755249,
          0.9413228545629424,
          0.9412956907498147,
          0.9406437484536644,
          0.9413685506949899,
          0.9412831761386447,
          0.9416307562163305,
          0.9398107925681412,
          0.941132361338348,
          0.0,
          0.9412736134255758,
          0.9409248004869062,
          0.9412923771288275,
          0.9381098507948353,
          0.9412443855322018,
          0.9417211035912322,
          0.9406999638768642,
          0.9409767829444432,
          0.9412228688853832,
          0.9417909625196215
        ],
        [
          0.9415340319473697,
          0.9413091215253222,
          0.9417891756849845,
          0.9380742698241131,
          0.9415245105933363,
          0.9411753078773222,
          1.412108909023572,
          0.9412375572978933,
          0.9407234159470516,
          0.9413224786977787,
          0.941438219688199,
          0.9417789689542602,
          0.941331184002135,
          0.9421696772376664,
          0.9416694371118149,
          0.9413949547315981,
          0.9413574648633244,
          0.9407025967175247,
          0.9414356282584463,
          0.9413519620244489,
          0.9415987824203439,
          0.9398898136799667,
          0.9412059719328579,
          0.9412736134255758,
          0.0,
          0.9409837926438521,
          0.9413612244110282,
          0.9382071449427057,
          0.9413100362126634,
          0.9417853829752013,
          0.940770680155836,
          0.9410428891070711,
          0.9412775955888006,
          0.9418616849247056
        ],
        [
          0.9411211506932075,
          0.9410003034979336,
          0.9413359190284386,
          2.6178629906386828,
          0.9414184319649818,
          0.9408313581202932,
          0.9402205626722877,
          0.9409767408316843,
          0.9412418647014439,
          0.9409706379630695,
          0.9411132227993603,
          0.9413276962851185,
          0.9409816946097285,
          0.9418180337453625,
          0.9411759789614865,
          0.9412810605419596,
          0.9413013800639335,
          1.2253093771130088,
          0.9412232723705409,
          0.9409954671517892,
          0.9411339233507044,
          0.9414410784018818,
          0.9417633617632455,
          0.9409248004869062,
          0.9409837926438521,
          0.0,
          0.9410460132205117,
          0.9384778864424884,
          0.9411136104029143,
          0.941370158463461,
          1.2359666935800735,
          2.5982843830640276,
          0.9410364328448514,
          0.9413957159889884
        ],
        [
          0.9415524214567396,
          0.941343990040452,
          0.9417948529146537,
          1.4073040460279993,
          0.9415457449512113,
          0.9412132698448441,
          0.9403806408558086,
          0.9412742039914527,
          0.9434244088090062,
          0.9413455740334733,
          0.9414593887053211,
          0.9417851292679745,
          0.9413612901435772,
          0.9422120661547995,
          0.9416060499597292,
          0.9414185020424374,
          0.9414649149577212,
          0.9407816494019884,
          0.9414625527373889,
          0.9413812401792725,
          0.941518235264328,
          0.939997891902325,
          0.9412565668745972,
          0.9412923771288275,
          0.9413612244110282,
          0.9410460132205117,
          0.0,
          0.9383913786618422,
          0.9413482822835012,
          0.9417891165525669,
          0.9408958110995349,
          0.941189843785921,
          0.9413206310819968,
          0.9418638797846924
        ],
        [
          0.9382661479862108,
          0.9383264965950145,
          0.9386570702854927,
          1.403447456840911,
          0.9385454995006528,
          0.9377151568047487,
          0.9372563617801046,
          0.9380179750736293,
          0.9378765567719121,
          0.9381871226873862,
          0.9383674160351031,
          0.9386441070696251,
          0.9381124004764794,
          0.9473314108985391,
          0.938427522623578,
          0.9382731054727524,
          0.9386234959231685,
          0.9382320992014631,
          0.938290884500239,
          0.938206911317989,
          0.938474845695812,
          0.9365465322704446,
          0.9380565228183873,
          0.9381098507948353,
          0.9382071449427057,
          0.9384778864424884,
          0.9383913786618422,
          0.0,
          0.9384844111777371,
          1.888839403220144,
          0.9375663573298814,
          0.938085867205438,
          0.9384606906130456,
          0.9424002883033493
        ],
        [
          0.9414884660672278,
          0.9412992117810824,
          0.9417204823641581,
          1.873877810199567,
          0.9422684540338752,
          0.9411675686452149,
          0.9403863230302536,
          0.9412212851163714,
          0.9409371891956047,
          0.9412951536997064,
          0.9414039818406419,
          0.9417112347936579,
          1.4049748462174718,
          0.9421683470365839,
          0.9415322291886865,
          0.9413644068774155,
          0.9414467882246643,
          0.9407960627650668,
          0.9414556002338653,
          0.9413253018937056,
          0.9414642582292561,
          0.9400270378427134,
          0.941225643899478,
          0.9412443855322018,
          0.9413100362126634,
          0.9411136104029143,
          0.9413482822835012,
          0.9384844111777371,
          0.0,
          0.941720447146216,
          0.9410311988311368,
          1.41706036725273,
          0.9412929157446068,
          0.9417863344359761
        ],
        [
          0.9423634250005525,
          0.9417419403846528,
          0.9424821350679013,
          0.9390460885679119,
          0.9419321722335343,
          0.9416834478994671,
          0.9407830699794532,
          0.9417091983814854,
          0.9411686046581539,
          0.9417704912904523,
          0.9418731676617723,
          0.9424597156786072,
          0.9417959786847055,
          1.3323508732422404,
          0.9420177352217771,
          0.9418405120322803,
          0.9419438076289002,
          0.9411278069117974,
          0.9418834614124068,
          0.9418043184383625,
          0.9419229083800101,
          0.9404542765828482,
          0.9416555806015133,
          0.9417211035912322,
          0.9417853829752013,
          0.941370158463461,
          0.9417891165525669,
          1.888839403220144,
          0.941720447146216,
          0.0,
          0.9412672917862266,
          0.9415099421593978,
          0.9416842427198218,
          1.1513413620538213
        ],
        [
          0.9409376003461796,
          0.9408335573016026,
          0.9412159066263505,
          1.2069150088873704,
          0.9415783734689064,
          0.9405662091642222,
          0.9398798564561959,
          0.9410178927159232,
          2.364566737793574,
          0.9407536652985187,
          0.9411492156125583,
          0.9412054260703374,
          0.9407702251494982,
          0.9417823141048531,
          0.9414708818399973,
          0.9415660493933298,
          1.4137431312488329,
          1.8354802130229129,
          0.9452968755086689,
          0.9408087427402455,
          0.9410138342514129,
          1.3757052238910172,
          1.0028317122182986,
          0.9406999638768642,
          0.940770680155836,
          1.2359666935800735,
          0.9408958110995349,
          0.9375663573298814,
          0.9410311988311368,
          0.9412672917862266,
          0.0,
          1.2188133626209041,
          0.9410360871288999,
          0.9412923077790735
        ],
        [
          0.9412298919505422,
          0.9411177112851119,
          0.9414812216422439,
          2.7960661000129288,
          1.233580527484363,
          0.9430717590262329,
          0.9404818167785058,
          0.941411341637354,
          2.1224229998907633,
          0.9410269336866731,
          0.9411473885446408,
          0.9414710978746716,
          0.9458245720283559,
          0.9421311368067183,
          0.941989556918265,
          0.941107027600018,
          0.9419744274663815,
          0.9412495810654686,
          1.193401038723194,
          0.9413324006791142,
          0.9412289902039535,
          0.9399396959861037,
          0.9410375190127681,
          0.9409767829444432,
          0.9410428891070711,
          2.5982843830640276,
          0.941189843785921,
          0.938085867205438,
          1.41706036725273,
          0.9415099421593978,
          1.2188133626209041,
          0.0,
          1.3979919548024868,
          0.9415544831663989
        ],
        [
          0.9415047474188768,
          0.9412678962508634,
          0.9416819879091021,
          1.8701643514196216,
          0.9416763476835587,
          1.9008747828173225,
          1.4123052692144091,
          0.9412433982265567,
          1.4009112292851322,
          0.9412629955731776,
          0.9413676203442727,
          0.9416727567215463,
          0.9412840474997681,
          0.9421309832767674,
          0.941690073765967,
          0.9413277504544727,
          0.9414965640356994,
          0.9407734613341384,
          0.9415218512924717,
          0.9413078681790321,
          0.9415205243582069,
          0.9399982595085313,
          0.9411900021515258,
          0.9412228688853832,
          0.9412775955888006,
          0.9410364328448514,
          0.9413206310819968,
          0.9384606906130456,
          0.9412929157446068,
          0.9416842427198218,
          0.9410360871288999,
          1.3979919548024868,
          0.0,
          0.9417463739656116
        ],
        [
          0.9423652408499307,
          0.9418119091510289,
          0.9425415903596621,
          0.9387131543937413,
          0.9420221306200092,
          0.9417520799530377,
          0.940753882231782,
          0.9417782750604113,
          0.9411767982877778,
          0.941845275818614,
          0.9419581296793348,
          0.9425220957793861,
          0.9418742993736657,
          1.2518942883727568,
          0.9421183129049591,
          0.94192255000858,
          0.9419692866306311,
          0.9411243774451387,
          0.9419700139429567,
          0.9418827246672747,
          0.9420122468973581,
          0.940395254921351,
          0.9417208886915984,
          0.9417909625196215,
          0.9418616849247056,
          0.9413957159889884,
          0.9418638797846924,
          0.9424002883033493,
          0.9417863344359761,
          1.1513413620538213,
          0.9412923077790735,
          0.9415544831663989,
          0.9417463739656116,
          0.0
        ]
      ]
    },
    "region": {
      "alphabet": [
        "africa",
        "china",
        "japan_korea",
        "north_america",
        "oceania",
        "south_america",
        "southeast_asia",
        "?"
      ],
      "equilibrium_probabilities": [
        0.1364979517179598,
        0.1761232256187293,
        0.1307026711591507,
        0.16203278660096512,
        0.15506843703877674,
        0.058586047557624685,
        0.1809888803067937
      ],
      "rate": 19.87763798445699,
      "transition_matrix": [
        [
          0.0,
          0.7750852108664275,
          0.7758468450290712,
          0.7475402298451249,
          0.7732632493936956,
          1.1364171532916332,
          0.762424914892823
        ],
        [
          0.7750852108664275,
          0.0,
          0.7753425076813619,
          0.7403521659280193,
          2.3447183404398633,
          1.497008159959573,
          0.7580711281176026
        ],
        [
          0.7758468450290712,
          0.7753425076813619,
          0.0,
          1.4994743044307874,
          0.7735806062997861,
          0.7575728548128923,
          0.7632121183403641
        ],
        [
          0.7475402298451249,
          0.7403521659280193,
          1.4994743044307874,
          0.0,
          0.8114449602915321,
          10.260256759373302,
          0.7246044140414514
        ],
        [
          0.7732632493936956,
          2.3447183404398633,
          0.7735806062997861,
          0.8114449602915321,
          0.0,
          1.0662743452498764,
          1.1475601516090317
        ],
        [
          1.1364171532916332,
          1.497008159959573,
          0.7575728548128923,
          10.260256759373302,
          1.0662743452498764,
          0.0,
          1.118031147543999
        ],
        [
          0.762424914892823,
          0.7580711281176026,
          0.7632121183403641,
          0.7246044140414514,
          1.1475601516090317,
          1.118031147543999,
          0.0
        ]
      ]
    }
  },
  "nodes": {
    "1_0015_PF": {
      "country": "french_polynesia",
      "country_confidence": {
        "french_polynesia": 1.0
      },
      "country_entropy": -1.000088900581841e-12,
      "region": "oceania",
      "region_confidence": {
        "oceania": 1.0
      },
      "region_entropy": -1.000088900581841e-12
    },
    "1_0016_PF": {
      "country": "french_polynesia",
      "country_confidence": {
        "french_polynesia": 1.0
      },
      "country_entropy": -1.000088900581841e-12,
      "region": "oceania",
      "region_confidence": {
        "oceania": 1.0
      },
      "region_entropy": -1.000088900581841e-12
    },
    "1_0030_PF": {
      "country": "french_polynesia",
      "country_confidence": {
        "french_polynesia": 1.0
      },
      "country_entropy": -1.000088900581841e-12,
      "region": "oceania",
      "region_confidence": {
        "oceania": 1.0
      },
      "region_entropy": -1.000088900581841e-12
    },
    "1_0035_PF": {
      "country": "french_polynesia",
      "country_confidence": {
        "french_polynesia": 1.0
      },
      "country_entropy": -1.000088900581841e-12,
      "region": "oceania",
      "region_confidence": {
        "oceania": 1.0
      },
      "region_entropy": -1.000088900581841e-12
    },
    "1_0038_PF": {
