Map from character to field name
A:	africa
B:	china
C:	japan_korea
D:	north_america
E:	oceania
F:	south_america
G:	southeast_asia
H:	?


Substitution rate (mu): 19.877638

Equilibrium frequencies (pi_i):
  A: 0.1365
  B: 0.1761
  C: 0.1307
  D: 0.162
  E: 0.1551
  F: 0.0586
  G: 0.181

Symmetrized rates from j->i (W_ij):
	A	B	C	D	E	F	G
  A	0	0.7751	0.7758	0.7475	0.7733	1.1364	0.7624
  B	0.7751	0	0.7753	0.7404	2.3447	1.497	0.7581
  C	0.7758	0.7753	0	1.4995	0.7736	0.7576	0.7632
  D	0.7475	0.7404	1.4995	0	0.8114	10.2603	0.7246
  E	0.7733	2.3447	0.7736	0.8114	0	1.0663	1.1476
  F	1.1364	1.497	0.7576	10.2603	1.0663	0	1.118
  G	0.7624	0.7581	0.7632	0.7246	1.1476	1.118	0

Actual rates from j->i (Q_ij):
	A	B	C	D	E	F	G
  A	0	0.1058	0.1059	0.102	0.1055	0.1551	0.1041
  B	0.1365	0	0.1366	0.1304	0.413	0.2637	0.1335
  C	0.1014	0.1013	0	0.196	0.1011	0.099	0.0998
  D	0.1211	0.12	0.243	0	0.1315	1.6625	0.1174
  E	0.1199	0.3636	0.12	0.1258	0	0.1653	0.178
  F	0.0666	0.0877	0.0444	0.6011	0.0625	0	0.0655
  G	0.138	0.1372	0.1381	0.1311	0.2077	0.2024	0
