{
  "generated_by": {
    "program": "augur",
    "version": "9.0.0"
  },
  "models": {
    "country": {
      "alphabet": [
        "Australia",
        "Bahrain",
        "Belgium",
        "Brazil",
        "Canada",
        "Chad",
        "Chile",
        "China",
        "Germany",
        "Guam",
        "India",
        "Iran",
        "Italy",
        "Japan",
        "Mexico",
        "Nicaragua",
        "Russia",
        "South Korea",
        "Spain",
        "Turkey",
        "USA",
        "United Kingdom",
        "?"
      ],
      "equilibrium_probabilities": [
        0.012236886414470618,
        0.054989043041916555,
        0.05772683536261472,
        0.06545295564173881,
        0.024302058405817655,
        0.06817360039347589,
        0.05147917160718429,
        0.04561826137351709,
        0.029615560009520283,
        0.04624049050827942,
        0.034961407590386524,
        0.06260884507497598,
        0.02905524773948205,
        0.02654362027673289,
        0.0592631685185326,
        0.052693253432191126,
        0.04922058525276589,
        0.05274532205241578,
        0.05060334915927167,
        0.06266401360407577,
        0.03002292866955606,
        0.03378339587107846
      ],
      "rate": 88.19681270432872,
      "transition_matrix": [
        [
          0.0,
          1.367926777596343,
          0.8422016762067273,
          0.8388438852006947,
          4.537596379324565,
          1.2443241278149773,
          0.8480375384028598,
          2.5954446386369523,
          2.8326929525413793,
          1.1747243072687326,
          5.521327962462917,
          0.8413939619911587,
          3.298638204333458,
          6.451860576558583,
          1.1518434120488918,
          1.0716198559897907,
          1.0493528969174828,
          3.1532396227547723,
          0.988300919475645,
          0.8406397183283448,
          31.91062183926452,
          1.1812481641725379
        ],
        [
          1.367926777596343,
          0.0,
          0.8443836627976199,
          0.8441034719668907,
          0.8432257322138313,
          0.8440002503133494,
          0.8440878631442654,
          0.8444348616680203,
          0.9365071220909339,
          0.8445976287555591,
          0.8444044002547266,
          0.8442185870577584,
          0.8438545014948943,
          0.8436885516439204,
          0.8443420651725412,
          0.8442481351410914,
          0.8444587938695673,
          0.8442757039407236,
          0.844121552211111,
          0.8442078388757558,
          1.4627760281652054,
          0.8443762751263724
        ],
        [
          0.8422016762067273,
          0.8443836627976199,
          0.0,
          0.8445064779456694,
          0.8439722372185834,
          0.8443759469274963,
          0.8444980551532146,
          0.8446476291490176,
          0.9308326235215412,
          0.8448511023116397,
          0.8430151182995019,
          0.8446552435915283,
          1.2909004050944926,
          0.8451012390904679,
          0.8447063095725965,
          0.8446747375085972,
          0.8451478982702785,
          0.8445583941334386,
          0.8445732341548713,
          0.8446340050162604,
          1.793759547602105,
          1.0981199824111405
        ],
        [
          0.8388438852006947,
          0.8441034719668907,
          0.8445064779456694,
          0.0,
          0.8431032056161074,
          0.8441832034789386,
          0.844221982482925,
          0.8442421915853351,
          0.8438775984526112,
          0.8446006973489014,
          0.8424054087901521,
          0.8443973688510578,
          0.8438220147758814,
          0.8435610395709812,
          0.8444656714110569,
          0.9475537881243018,
          0.8443849440396332,
          0.8441819942986015,
          0.8442430477956961,
          0.8443902373101152,
          1.1339707759678477,
          0.8518534375980774
        ],
        [
          4.537596379324565,
          0.8432257322138313,
          0.8439722372185834,
          0.8431032056161074,
          0.0,
          0.8428843597958483,
          1.169778580745203,
          0.8459441272477423,
          0.8994062363232017,
          0.8452293129816052,
          0.845320576663647,
          0.844152461971526,
          0.8503148644981731,
          1.2068072261953535,
          0.8454765541370058,
          0.8445106310242806,
          0.8450878296992611,
          1.4192734460807293,
          0.869317115535632,
          0.8438860757467291,
          10.724658997424294,
          1.2303732526195559
        ],
        [
          1.2443241278149773,
          0.8440002503133494,
          0.8443759469274963,
          0.8441832034789386,
          0.8428843597958483,
          0.0,
          0.8441027528069491,
          0.844196881718807,
          0.8436557660405725,
          0.8446389769260552,
          0.8423153940379641,
          0.8442693212854205,
          0.8438385606026899,
          0.8433753463677169,
          0.8443691585501196,
          0.8442774692646894,
          0.8443831373135003,
          0.8441879788125787,
          0.844134604778874,
          0.8442632755308651,
          0.8381509791673345,
          0.8441442897718805
        ],
        [
          0.8480375384028598,
          0.8440878631442654,
          0.8444980551532146,
          0.844221982482925,
          1.169778580745203,
          0.8441027528069491,
          0.0,
          0.8443884735906263,
          0.8446015150516684,
          0.8446124324068893,
          0.8432524138146473,
          0.8444190410439095,
          0.8584037666313052,
          0.8445019282881919,
          0.8444765399696206,
          0.844396542046575,
          0.8444334869377282,
          0.8443768362778385,
          0.8443142009277482,
          0.8443884401970395,
          2.1859592634513962,
          0.8447618661594527
        ],
        [
          2.5954446386369523,
          0.8444348616680203,
          0.8446476291490176,
          0.8442421915853351,
          0.8459441272477423,
          0.844196881718807,
          0.8443884735906263,
          0.0,
          1.0796661786757948,
          0.8454527494231178,
          0.8457340326857548,
          0.8444594634458876,
          0.8460007203939256,
          1.183032842172244,
          0.8449344250541343,
          0.8446679369850291,
          0.8453605510237647,
          1.0338570876137576,
          0.8445649813490622,
          0.8444262437193195,
          2.67640204134753,
          0.8461429863274821
        ],
        [
          2.8326929525413793,
          0.9365071220909339,
          0.9308326235215412,
          0.8438775984526112,
          0.8994062363232017,
          0.8436557660405725,
          0.8446015150516684,
          1.0796661786757948,
          0.0,
          0.846989275626538,
          0.9098575228144183,
          0.8447081613665559,
          1.1511879065791575,
          1.6949155106829956,
          0.8456076504354729,
          0.8451717627916668,
          1.3936079278749134,
          0.9297567749637833,
          0.8625998879024208,
          0.8445091168163569,
          9.333993347433196,
          1.2941372067860102
        ],
        [
          1.1747243072687326,
          0.8445976287555591,
          0.8448511023116397,
          0.8446006973489014,
          0.8452293129816052,
          0.8446389769260552,
          0.8446124324068893,
          0.8454527494231178,
          0.846989275626538,
          0.0,
          0.8446301153030985,
          0.8448164422173849,
          0.8458726037240337,
          1.2533814269811785,
          0.8450708090977929,
          0.8448739252104541,
          1.200052550217477,
          0.8462212385654752,
          0.845217751967101,
          0.8447732537490573,
          2.8755957911869756,
          0.8458285262205243
        ],
        [
          5.521327962462917,
          0.8444044002547266,
          0.8430151182995019,
          0.8424054087901521,
          0.845320576663647,
          0.8423153940379641,
          0.8432524138146473,
          0.8457340326857548,
          0.9098575228144183,
          0.8446301153030985,
          0.0,
          0.8428099852953317,
          0.8634799721806623,
          0.8472149367587611,
          0.8440379227279718,
          0.8434613431083104,
          0.8443914999249615,
          1.2124435171833918,
          0.8432736317631921,
          0.8427377318522906,
          4.091706959459808,
          0.8448043375088491
        ],
        [
          0.8413939619911587,
          0.8442185870577584,
          0.8446552435915283,
          0.8443973688510578,
          0.844152461971526,
          0.8442693212854205,
          0.8444190410439095,
          0.8444594634458876,
          0.8447081613665559,
          0.8448164422173849,
          0.8428099852953317,
          0.0,
          0.8447214216145328,
          0.8442902031061488,
          0.8445824147868013,
          0.8445236110589162,
          0.8445241402916316,
          0.8443638410630733,
          0.8444613705904668,
          0.8635042722521296,
          1.2436897336497759,
          0.8449504349894548
        ],
        [
          3.298638204333458,
          0.8438545014948943,
          1.2909004050944926,
          0.8438220147758814,
          0.8503148644981731,
          0.8438385606026899,
          0.8584037666313052,
          0.8460007203939256,
          1.1511879065791575,
          0.8458726037240337,
          0.8634799721806623,
          0.8447214216145328,
          0.0,
          1.1383496487164826,
          0.8455317920732376,
          0.8449042121505886,
          1.0031955909170662,
          0.8466976483588246,
          1.2669894001101694,
          0.8444919021385862,
          9.113394731832498,
          1.3503578932581897
        ],
        [
          6.451860576558583,
          0.8436885516439204,
          0.8451012390904679,
          0.8435610395709812,
          1.2068072261953535,
          0.8433753463677169,
          0.8445019282881919,
          1.183032842172244,
          1.6949155106829956,
          1.2533814269811785,
          0.8472149367587611,
          0.8442902031061488,
          1.1383496487164826,
          0.0,
          0.846397888887303,
          0.845577821873977,
          0.8754862095836154,
          2.7907445414925007,
          0.8452255224188147,
          0.844104709556553,
          9.053771000054095,
          1.916605310120748
        ],
        [
          1.1518434120488918,
          0.8443420651725412,
          0.8447063095725965,
          0.8444656714110569,
          0.8454765541370058,
          0.8443691585501196,
          0.8444765399696206,
          0.8449344250541343,
          0.8456076504354729,
          0.8450708090977929,
          0.8440379227279718,
          0.8445824147868013,
          0.8455317920732376,
          0.846397888887303,
          0.0,
          0.864778269742136,
          0.8447283427891307,
          0.8449552452643632,
          0.8445903153690898,
          0.8445670399984105,
          1.3500036475223842,
          0.8451513350875286
        ],
        [
          1.0716198559897907,
          0.8442481351410914,
          0.8446747375085972,
          0.9475537881243018,
          0.8445106310242806,
          0.8442774692646894,
          0.844396542046575,
          0.8446679369850291,
          0.8451717627916668,
          0.8448739252104541,
          0.8434613431083104,
          0.8445236110589162,
          0.8449042121505886,
          0.845577821873977,
          0.864778269742136,
          0.0,
          0.844674251020554,
          0.8446771305255506,
          0.8444654212623471,
          0.8445033967790921,
          1.8324932803322795,
          0.9561261892591761
        ],
        [
          1.0493528969174828,
          0.8444587938695673,
          0.8451478982702785,
          0.8443849440396332,
          0.8450878296992611,
          0.8443831373135003,
          0.8444334869377282,
          0.8453605510237647,
          1.3936079278749134,
          1.200052550217477,
          0.8443914999249615,
          0.8445241402916316,
          1.0031955909170662,
          0.8754862095836154,
          0.8447283427891307,
          0.844674251020554,
          0.0,
          1.047987912333412,
          1.432340809745171,
          0.8445048181644924,
          2.3395403885952493,
          1.0983538131157558
        ],
        [
          3.1532396227547723,
          0.8442757039407236,
          0.8445583941334386,
          0.8441819942986015,
          1.4192734460807293,
          0.8441879788125787,
          0.8443768362778385,
          1.0338570876137576,
          0.9297567749637833,
          0.8462212385654752,
          1.2124435171833918,
          0.8443638410630733,
          0.8466976483588246,
          2.7907445414925007,
          0.8449552452643632,
          0.8446771305255506,
          1.047987912333412,
          0.0,
          0.8446834710731171,
          0.8443363569946941,
          2.069927879139021,
          0.8909481684827066
        ],
        [
          0.988300919475645,
          0.844121552211111,
          0.8445732341548713,
          0.8442430477956961,
          0.869317115535632,
          0.844134604778874,
          0.8443142009277482,
          0.8445649813490622,
          0.8625998879024208,
          0.845217751967101,
          0.8432736317631921,
          0.8444613705904668,
          1.2669894001101694,
          0.8452255224188147,
          0.8445903153690898,
          0.8444654212623471,
          1.432340809745171,
          0.8446834710731171,
          0.0,
          0.8444276656586158,
          2.5881315740212623,
          0.8451671964602758
        ],
        [
          0.8406397183283448,
          0.8442078388757558,
          0.8446340050162604,
          0.8443902373101152,
          0.8438860757467291,
          0.8442632755308651,
          0.8443884401970395,
          0.8444262437193195,
          0.8445091168163569,
          0.8447732537490573,
          0.8427377318522906,
          0.8635042722521296,
          0.8444919021385862,
          0.844104709556553,
          0.8445670399984105,
          0.8445033967790921,
          0.8445048181644924,
          0.8443363569946941,
          0.8444276656586158,
          0.0,
          1.2417361770537227,
          0.8448023158256286
        ],
        [
          31.91062183926452,
          1.4627760281652054,
          1.793759547602105,
          1.1339707759678477,
          10.724658997424294,
          0.8381509791673345,
          2.1859592634513962,
          2.67640204134753,
          9.333993347433196,
          2.8755957911869756,
          4.091706959459808,
          1.2436897336497759,
          9.113394731832498,
          9.053771000054095,
          1.3500036475223842,
          1.8324932803322795,
          2.3395403885952493,
          2.069927879139021,
          2.5881315740212623,
          1.2417361770537227,
          0.0,
          7.115138569930293
        ],
        [
          1.1812481641725379,
          0.8443762751263724,
          1.0981199824111405,
          0.8518534375980774,
          1.2303732526195559,
          0.8441442897718805,
          0.8447618661594527,
          0.8461429863274821,
          1.2941372067860102,
          0.8458285262205243,
          0.8448043375088491,
          0.8449504349894548,
          1.3503578932581897,
          1.916605310120748,
          0.8451513350875286,
          0.9561261892591761,
          1.0983538131157558,
          0.8909481684827066,
          0.8451671964602758,
          0.8448023158256286,
          7.115138569930293,
          0.0
        ]
      ]
    },
    "region": {
      "alphabet": [
        "N",
        "S",
        "T",
        "?"
      ],
      "equilibrium_probabilities": [
        0.4891821971756347,
        0.2436148677739109,
        0.2672029350504544
      ],
      "rate": 102.06738161119559,
      "transition_matrix": [
        [
          0.0,
          3.078234396453852,
          0.955888104276668
        ],
        [
          3.078234396453852,
          0.0,
          0.1262080702225958
        ],
        [
          0.955888104276668,
          0.1262080702225958,
          0.0
        ]
      ]
    }
  },
  "nodes": {
    "A/Alabama/30/2017": {
      "country": "USA",
      "country_confidence": {
        "USA": 0.9999999999999999
      },
      "country_entropy": -9.99866855976916e-13,
      "region": "N",
      "region_confidence": {
        "N": 1.0
      },
      "region_entropy": -1.000088900581841e-12
    },
    "A/Alaska/40/2019": {
      "country": "USA",
      "country_confidence": {
        "USA": 1.0
      },
      "country_entropy": -1.000088900581841e-12,
      "region": "N",
      "region_confidence": {
        "N": 0.9999999999999999
      },
      "region_entropy": -9.99866855976916e-13
    },
    "A/Alaska/46/2018": {
      "country": "USA",
      "country_confidence": {
        "USA": 0.9999999999999999
      },
      "country_entropy": -9.99866855976916e-13,
      "region": "N",
      "region_confidence": {
        "N": 1.0
      },
      "region_entropy": -1.000088900581841e-12
    },
    "A/Alaska/49/2019": {
      "country": "USA",
      "country_confidence": {
        "USA": 1.0
      },
      "country_entropy": -1.000088900581841e-12,
      "region": "N",
      "region_confidence": {
        "N": 1.0
      },
      "region_entropy": -1.000088900581841e-12
    },
    "A/Alaska/52/2018": {
      "country": "USA",
      "country_confidence": {
        "USA": 1.0
      },
      "country_entropy": -1.000088900581841e-12,
      "region": "N",
      "region_confidence": {
        "N": 1.0
      },
      "region_entropy": -1.000088900581841e-12
    },
    "A/Alaska/8567/2019": {
      "country": "USA",
      "country_confidence": {
        "USA": 0.9999999999999999
      },
      "country_entropy": -9.99866855976916e-13,
      "region": "N",
      "region_confidence": {
        "N": 1.0
      },
      "region_entropy": -1.000088900581841e-12
    },
    "A/Alberta/017/2018": {
      "country": "Canada",
      "country_confidence": {
        "Canada": 1.0
      },
      "country_entropy": -1.000088900581841e-12,
      "region": "N",
      "region_confidence": {
        "N": 1.0
      },
      "region_entropy": -1.000088900581841e-12
    },
    "A/Alberta/020/2018": {
      "country": "Canada",
      "country_confidence": {
        "Canada": 1.0
      },
      "country_entropy": -1.000088900581841e-12,
      "region": "N",
      "region_confidence": {
        "N": 0.9999999999999999
      },
      "region_entropy": -9.99866855976916e-13
    },
    "A/Alberta/040/2018": {
      "country": "Canada",
      "country_confidence": {
        "Canada": 1.0
      },
      "country_entropy": -1.000088900581841e-12,
      "region": "N",
      "region_confidence": {
        "N": 1.0
      },
      "region_entropy": -1.000088900581841e-12
    },
    "A/Alberta/053/2017": {
      "country": "Canada",
      "country_confidence": {
        "Canada": 1.0
      },
      "country_entropy": -1.000088900581841e-12,
      "region": "N",
      "region_confidence": {
        "N": 1.0
      },
      "region_entropy": -1.000088900581841e-12
    },
    "A/Alberta/061/2018": {
      "country": "Canada",
      "country_confidence": {
        "Canada": 1.0
      },
      "country_entropy": -1.000088900581841e-12,
      "region": "N",
      "region_confidence": {
        "N": 1.0
      },
      "region_entropy": -1.000088900581841e-12
    },
    "A/Alberta/419/2017": {
      "country": "Canada",
      "country_confidence": {
        "Canada": 1.0
      },
      "country_entropy": -1.000088900581841e-12,
      "region": "N",
      "region_confidence": {
        "N": 1.0
      },
      "region_entropy": -1.000088900581841e-12
    },
    "A/Arizona/30/2018": {
      "country": "USA",
      "country_confidence": {
        "USA": 1.0
      },
      "country_entropy": -1.000088900581841e-12,
      "region": "N",
      "region_confidence": {
        "N": 1.0
      },
      "region_entropy": -1.000088900581841e-12
    },
    "A/Arizona/34/2019": {
      "country": "USA",
      "country_confidence": {
        "USA": 1.0
      },
      "country_entropy": -1.000088900581841e-12,
      "region": "N",
      "region_confidence": {
        "N": 1.0
      },
      "region_entropy": -1.000088900581841e-12
    },
    "A/Arizona/37/2018": {
      "country": "USA",
      "country_confidence": {
        "USA": 1.0
      },
      "country_entropy": -1.000088900581841e-12,
      "region": "N",
      "region_confidence": {
        "N": 1.0
      },
      "region_entropy": -1.000088900581841e-12
    },
    "A/Arizona/47/2019": {
      "country": "USA",
      "country_confidence": {
        "USA": 1.0
      },
      "country_entropy": -1.000088900581841e-12,
      "region": "N",
      "region_confidence": {
        "N": 1.0
      },
      "region_entropy": -1.000088900581841e-12
    },
    "A/Arizona/48/2018": {
      "country": "USA",
      "country_confidence": {
        "USA": 1.0
      },
      "country_entropy": -1.000088900581841e-12,
      "region": "N",
      "region_confidence": {
        "N": 1.0
      },
      "region_entropy": -1.000088900581841e-12
    },
    "A/Arizona/66/2017": {
      "country": "USA",
      "country_confidence": {
        "USA": 1.0
      },
      "country_entropy": -1.000088900581841e-12,
      "region": "N",
      "region_confidence": {
        "N": 0.9999999999999999
      },
      "region_entropy": -9.99866855976916e-13
    },
    "A/Arkansas/01/2019": {
      "country": "USA",
      "country_confidence": {
        "USA": 1.0
      },
      "country_entropy": -1.000088900581841e-12,
      "region": "N",
      "region_confidence": {
        "N": 1.0
      },
      "region_entropy": -1.000088900581841e-12
    },
    "A/Arkansas/24/2017": {
      "country": "USA",
      "country_confidence": {
        "USA": 1.0
      },
      "country_entropy": -1.000088900581841e-12,
      "region": "N",
      "region_confidence": {
        "N": 1.0
      },
      "region_entropy": -1.000088900581841e-12
    },
    "A/Arkansas/29/2017": {
      "country": "USA",
      "country_confidence": {
        "USA": 1.0
      },
      "country_entropy": -1.000088900581841e-12,
      "region": "N",
      "region_confidence": {
        "N": 0.9999999999999999
      },
      "region_entropy": -9.99866855976916e-13
    },
    "A/Bahrain/NHRC-OID_ESX0121A/2018": {
      "country": "Bahrain",
      "country_confidence": {
        "Bahrain": 1.0
      },
      "country_entropy": -1.000088900581841e-12,
      "region": "N",
      "region_confidence": {
        "N": 0.9999999999999999
      },
      "region_entropy": -9.99866855976916e-13
    },
    "A/Bahrain/NHRC-OID_ESX0123/2018": {
      "country": "Bahrain",
      "country_confidence": {
        "Bahrain": 1.0
      },
      "country_entropy": -1.000088900581841e-12,
      "region": "N",
      "region_confidence": {
        "N": 0.9999999999999999
      },
      "region_entropy": -9.99866855976916e-13
    },
    "A/Bahrain/RVT0140/2018": {
      "country": "Bahrain",
      "country_confidence": {
        "Bahrain": 0.9999999999999999
      },
      "country_entropy": -9.99866855976916e-13,
      "region": "N",
      "region_confidence": {
        "N": 0.9999999999999999
      },
      "region_entropy": -9.99866855976916e-13
    },
    "A/Bahrain/RVT0142/2018": {
      "country": "Bahrain",
      "country_confidence": {
        "Bahrain": 1.0
      },
      "country_entropy": -1.000088900581841e-12,
      "region": "N",
      "region_confidence": {
        "N": 1.0
      },
      "region_entropy": -1.000088900581841e-12
    },
    "A/Bahrain/RVT0145/2018": {
      "country": "Bahrain",
      "country_confidence": {
        "Bahrain": 0.9999999999999999
      },
      "country_entropy": -9.99866855976916e-13,
      "region": "N",
      "region_confidence": {
        "N": 0.9999999999999999
      },
      "region_entropy": -9.99866855976916e-13
    },
    "A/Bahrain/RVT0147/2018": {
      "country": "Bahrain",
      "country_confidence": {
        "Bahrain": 1.0
      },
      "country_entropy": -1.000088900581841e-12,
      "region": "N",
      "region_confidence": {
        "N": 1.0
      },
      "region_entropy": -1.000088900581841e-12
    },
    "A/Belgium/8725/2019": {
      "country": "Belgium",
      "country_confidence": {
        "Belgium": 0.9999999999999999
      },
      "country_entropy": -9.99866855976916e-13,
      "region": "N",
      "region_confidence": {
        "N": 1.0
      },
      "region_entropy": -1.000088900581841e-12
    },
    "A/Belgium/8876/2019": {
      "country": "Belgium",
      "country_confidence": {
        "Belgium": 1.0
      },
      "country_entropy": -1.000088900581841e-12,
      "region": "N",
      "region_confidence": {
        "N": 1.0
      },
      "region_entropy": -1.000088900581841e-12
    },
    "A/Belgium/8877/2019": {
      "country": "Belgium",
      "country_confidence": {
        "Belgium": 0.9999999999999999
      },
      "country_entropy": -9.99866855976916e-13,
      "region": "N",
      "region_confidence": {
        "N": 1.0
      },
      "region_entropy": -1.000088900581841e-12
    },
    "A/Belgium/9021/2019": {
      "country": "Belgium",
      "country_confidence": {
        "Belgium": 0.9999999999999999
      },
      "country_entropy": -9.99866855976916e-13,
      "region": "N",
      "region_confidence": {
        "N": 1.0
      },
      "region_entropy": -1.000088900581841e-12
    },
    "A/Brisbane/1000/2018": {
      "country": "Australia",
      "country_confidence": {
        "Australia": 0.9999999999999999
      },
      "country_entropy": -9.99866855976916e-13,
      "region": "S",
      "region_confidence": {
        "S": 1.0
      },
      "region_entropy": -1.000088900581841e-12
    },
    "A/Brisbane/1002/2018": {
      "country": "Australia",
      "country_confidence": {
        "Australia": 1.0
      },
      "country_entropy": -1.000088900581841e-12,
      "region": "S",
      "region_confidence": {
        "S": 0.9999999999999999
      },
      "region_entropy": -9.99866855976916e-13
    },
    "A/Brisbane/1101/2017": {
      "country": "Australia",
      "country_confidence": {
        "Australia": 1.0
      },
      "country_entropy": -1.000088900581841e-12,
      "region": "S",
      "region_confidence": {
        "S": 1.0
      },
      "region_entropy": -1.000088900581841e-12
    },
    "A/Brisbane/112/2018": {
      "country": "Australia",
      "country_confidence": {
        "Australia": 1.0
      },
      "country_entropy": -1.000088900581841e-12,
      "region": "S",
      "region_confidence": {
        "S": 1.0
      },
      "region_entropy": -1.000088900581841e-12
    },
    "A/Brisbane/115/2018": {
      "country": "Australia",
      "country_confidence": {
        "Australia": 1.0
      },
      "country_entropy": -1.000088900581841e-12,
      "region": "S",
      "region_confidence": {
        "S": 1.0
      },
      "region_entropy": -1.000088900581841e-12
    },
    "A/Brisbane/12/2018": {
      "country": "Australia",
      "country_confidence": {
        "Australia": 1.0
      },
      "country_entropy": -1.000088900581841e-12,
      "region": "S",
      "region_confidence": {
        "S": 1.0
      },
      "region_entropy": -1.000088900581841e-12
    },
    "A/Brisbane/120/2018": {
      "country": "Australia",
      "country_confidence": {
        "Australia": 1.0
      },
      "country_entropy": -1.000088900581841e-12,
      "region": "S",
      "region_confidence": {
        "S": 1.0
      },
      "region_entropy": -1.000088900581841e-12
    },
    "A/Brisbane/13/2018": {
      "country": "Australia",
      "country_confidence": {
        "Australia": 1.0
      },
      "country_entropy": -1.000088900581841e-12,
      "region": "S",
      "region_confidence": {
        "S": 1.0
      },
      "region_entropy": -1.000088900581841e-12
    },
    "A/Brisbane/138/2018": {
      "country": "Australia",
      "country_confidence": {
        "Australia": 1.0
      },
      "country_entropy": -1.000088900581841e-12,
      "region": "S",
      "region_confidence": {
        "S": 1.0
      },
      "region_entropy": -1.000088900581841e-12
    },
    "A/Brisbane/14/2018": {
      "country": "Australia",
      "country_confidence": {
        "Australia": 1.0
      },
      "country_entropy": -1.000088900581841e-12,
      "region": "S",
      "region_confidence": {
        "S": 1.0
      },
      "region_entropy": -1.000088900581841e-12
    },
    "A/Brisbane/140/2018": {
      "country": "Australia",
      "country_confidence": {
        "Australia": 1.0
      },
      "country_entropy": -1.000088900581841e-12,
      "region": "S",
      "region_confidence": {
        "S": 0.9999999999999999
      },
      "region_entropy": -9.99866855976916e-13
    },
    "A/Brisbane/142/2018": {
      "country": "Australia",
      "country_confidence": {
        "Australia": 1.0
      },
      "country_entropy": -1.000088900581841e-12,
      "region": "S",
      "region_confidence": {
        "S": 1.0
      },
      "region_entropy": -1.000088900581841e-12
    },
    "A/Brisbane/154/2018": {
      "country": "Australia",
      "country_confidence": {
        "Australia": 1.0
      },
      "country_entropy": -1.000088900581841e-12,
      "region": "S",
      "region_confidence": {
        "S": 1.0
      },
      "region_entropy": -1.000088900581841e-12
    },
    "A/Brisbane/158/2018": {
      "country": "Australia",
      "country_confidence": {
        "Australia": 1.0
      },
      "country_entropy": -1.000088900581841e-12,
      "region": "S",
      "region_confidence": {
        "S": 1.0
      },
      "region_entropy": -1.000088900581841e-12
    },
    "A/Brisbane/161/2018": {
      "country": "Australia",
      "country_confidence": {
        "Australia": 1.0
      },
      "country_entropy": -1.000088900581841e-12,
      "region": "S",
      "region_confidence": {
        "S": 1.0
      },
      "region_entropy": -1.000088900581841e-12
    },
    "A/Brisbane/19/2018": {
      "country": "Australia",
      "country_confidence": {
        "Australia": 0.9999999999999999
      },
      "country_entropy": -9.99866855976916e-13,
      "region": "S",
      "region_confidence": {
        "S": 0.9999999999999999
      },
      "region_entropy": -9.99866855976916e-13
    },
    "A/Brisbane/23/2018": {
      "country": "Australia",
      "country_confidence": {
        "Australia": 1.0
      },
      "country_entropy": -1.000088900581841e-12,
      "region": "S",
      "region_confidence": {
        "S": 0.9999999999999999
      },
      "region_entropy": -9.99866855976916e-13
    },
    "A/Brisbane/25/2018": {
      "country": "Australia",
      "country_confidence": {
        "Australia": 0.9999999999999999
      },
      "country_entropy": -9.99866855976916e-13,
      "region": "S",
      "region_confidence": {
        "S": 0.9999999999999999
      },
      "region_entropy": -9.99866855976916e-13
    },
    "A/Brisbane/28/2018": {
      "country": "Australia",
      "country_confidence": {
        "Australia": 1.0
      },
      "country_entropy": -1.000088900581841e-12,
      "region": "S",
      "region_confidence": {
        "S": 0.9999999999999999
      },
      "region_entropy": -9.99866855976916e-13
    },
    "A/Brisbane/31/2018": {
      "country": "Australia",
      "country_confidence": {
        "Australia": 0.9999999999999999
      },
      "country_entropy": -9.99866855976916e-13,
      "region": "S",
      "region_confidence": {
        "S": 0.9999999999999999
      },
      "region_entropy": -9.99866855976916e-13
    },
    "A/Brisbane/32/2018": {
      "country": "Australia",
      "country_confidence": {
        "Australia": 1.0
      },
      "country_entropy": -1.000088900581841e-12,
      "region": "S",
      "region_confidence": {
        "S": 0.9999999999999999
      },
      "region_entropy": -9.99866855976916e-13
    },
    "A/Brisbane/36/2018": {
      "country": "Australia",
      "country_confidence": {
        "Australia": 1.0
      },
      "country_entropy": -1.000088900581841e-12,
      "region": "S",
      "region_confidence": {
        "S": 1.0
      },
      "region_entropy": -1.000088900581841e-12
    },
    "A/Brisbane/40/2018": {
      "country": "Australia",
      "country_confidence": {
        "Australia": 1.0
      },
      "country_entropy": -1.000088900581841e-12,
      "region": "S",
      "region_confidence": {
        "S": 1.0
      },
      "region_entropy": -1.000088900581841e-12
    },
    "A/Brisbane/43/2018": {
      "country": "Australia",
      "country_confidence": {
        "Australia": 1.0
      },
      "country_entropy": -1.000088900581841e-12,
      "region": "S",
      "region_confidence": {
        "S": 1.0
      },
      "region_entropy": -1.000088900581841e-12
    },
    "A/Brisbane/45/2018": {
      "country": "Australia",
      "country_confidence": {
        "Australia": 1.0
      },
      "country_entropy": -1.000088900581841e-12,
      "region": "S",
      "region_confidence": {
        "S": 0.9999999999999999
      },
      "region_entropy": -9.99866855976916e-13
    },
    "A/Brisbane/54/2018": {
      "country": "Australia",
      "country_confidence": {
        "Australia": 1.0
      },
      "country_entropy": -1.000088900581841e-12,
      "region": "S",
      "region_confidence": {
        "S": 1.0
      },
      "region_entropy": -1.000088900581841e-12
    },
    "A/Brisbane/57/2018": {
      "country": "Australia",
      "country_confidence": {
        "Australia": 1.0
      },
      "country_entropy": -1.000088900581841e-12,
      "region": "S",
      "region_confidence": {
        "S": 1.0
      },
      "region_entropy": -1.000088900581841e-12
    },
    "A/Brisbane/58/2018": {
      "country": "Australia",
      "country_confidence": {
        "Australia": 0.9999999999999999
      },
      "country_entropy": -9.99866855976916e-13,
      "region": "S",
      "region_confidence": {
        "S": 1.0
      },
      "region_entropy": -1.000088900581841e-12
    },
    "A/Brisbane/6/2018": {
      "country": "Australia",
      "country_confidence": {
        "Australia": 1.0
      },
      "country_entropy": -1.000088900581841e-12,
      "region": "S",
      "region_confidence": {
        "S": 1.0
      },
      "region_entropy": -1.000088900581841e-12
    },
    "A/Brisbane/64/2018": {
      "country": "Australia",
      "country_confidence": {
        "Australia": 1.0
      },
      "country_entropy": -1.000088900581841e-12,
      "region": "S",
      "region_confidence": {
        "S": 1.0
      },
      "region_entropy": -1.000088900581841e-12
    },
    "A/Brisbane/67/2018": {
      "country": "Australia",
      "country_confidence": {
        "Australia": 1.0
      },
      "country_entropy": -1.000088900581841e-12,
      "region": "S",
      "region_confidence": {
        "S": 1.0
      },
      "region_entropy": -1.000088900581841e-12
    },
    "A/Brisbane/7/2018": {
      "country": "Australia",
      "country_confidence": {
        "Australia": 1.0
      },
      "country_entropy": -1.000088900581841e-12,
      "region": "S",
      "region_confidence": {
        "S": 1.0
      },
      "region_entropy": -1.000088900581841e-12
    },
    "A/Brisbane/73/2018": {
      "country": "Australia",
      "country_confidence": {
        "Australia": 1.0
      },
      "country_entropy": -1.000088900581841e-12,
      "region": "S",
      "region_confidence": {
        "S": 0.9999999999999999
      },
      "region_entropy": -9.99866855976916e-13
    },
    "A/Brisbane/89/2018": {
      "country": "Australia",
      "country_confidence": {
        "Australia": 1.0
      },
      "country_entropy": -1.000088900581841e-12,
      "region": "S",
      "region_confidence": {
        "S": 0.9999999999999999
      },
      "region_entropy": -9.99866855976916e-13
    },
    "A/BritishColumbia/052/2018": {
      "country": "Canada",
      "country_confidence": {
        "Canada": 1.0
      },
      "country_entropy": -1.000088900581841e-12,
      "region": "N",
      "region_confidence": {
        "N": 1.0
      },
      "region_entropy": -1.000088900581841e-12
    },
    "A/BritishColumbia/068/2018": {
      "country": "Canada",
      "country_confidence": {
        "Canada": 1.0
      },
      "country_entropy": -1.000088900581841e-12,
      "region": "N",
      "region_confidence": {
        "N": 1.0
      },
      "region_entropy": -1.000088900581841e-12
    },
    "A/BritishColumbia/071/2018": {
      "country": "Canada",
      "country_confidence": {
        "Canada": 1.0
      },
      "country_entropy": -1.000088900581841e-12,
      "region": "N",
      "region_confidence": {
        "N": 0.9999999999999999
      },
      "region_entropy": -9.99866855976916e-13
    },
    "A/Busan/1343/2018": {
      "country": "South Korea",
      "country_confidence": {
        "South Korea": 1.0
      },
      "country_entropy": -1.000088900581841e-12,
      "region": "N",
      "region_confidence": {
        "N": 0.9999999999999999
      },
      "region_entropy": -9.99866855976916e-13
    },
    "A/California/03/2020": {
      "country": "USA",
      "country_confidence": {
        "USA": 1.0
      },
      "country_entropy": -1.000088900581841e-12,
      "region": "N",
      "region_confidence": {
        "N": 1.0
      },
      "region_entropy": -1.000088900581841e-12
    },
    "A/California/141/2019": {
      "country": "USA",
      "country_confidence": {
        "USA": 1.0
      },
      "country_entropy": -1.000088900581841e-12,
      "region": "N",
      "region_confidence": {
        "N": 1.0
      },
      "region_entropy": -1.000088900581841e-12
    },
    "A/California/159/2019": {
      "country": "USA",
      "country_confidence": {
        "USA": 1.0
      },
      "country_entropy": -1.000088900581841e-12,
      "region": "N",
      "region_confidence": {
        "N": 1.0
      },
      "region_entropy": -1.000088900581841e-12
    },
    "A/California/16/2020": {
      "country": "USA",
      "country_confidence": {
        "USA": 0.9999999999999999
